#nages
8
#nyrs
30
#npops_EM
2
#nregions_EM
 1 1
#nfleets_EM
 1 1
#nfleets_survey_EM
 1 1
#npops_OM
2
#nregions_OM
 1 1
#nfleets_OM
 1 1
#nfleets_survey_OM
 1 1
#tsurvey_EM
 0.5
 0.5
#diagnostics_switch
0
#fleets_as_areas_switch
0
#move_switch
3
#report_rate_switch
0
#natal_homing_switch
0
#spawn_return_switch
0
#select_switch
1
#select_switch_survey
1
#maturity_switch_equil
0
#SSB_type
2
#Rec_type
1
#apportionment_type
-2
#use_stock_comp_info_survey
0
#use_stock_comp_info_catch
0
#F_switch
1
#M_switch
0
#recruit_devs_switch
1
#recruit_randwalk_switch
0
#init_abund_switch
0
#est_dist_init_abund
0
#tspawn_EM
 0 0
#return_age
7
#return_probability
 1 1
#spawn_return_prob
 1 1
#do_tag
1
#fit_tag_age_switch
0
#do_tag_mult
1
#est_tag_mixing_switch
0
#sigma_recruit_EM
 0.55 0.5
#ph_lmr
1
#lb_R_ave
2
#ub_R_ave
20
#ph_rec
2
#lb_rec_devs
-10
#ub_rec_devs
10
#ph_rec_app_CNST
-4
#ph_rec_app_YR
-4
#lb_rec_app
-5
#ub_rec_app
5
#ph_init_abund
1
#ph_reg_init
-2
#ph_non_natal_init
-1
#lb_init_dist
-9
#ub_init_dist
10
#lb_init_abund
2
#ub_init_abund
20
#ph_F
3
#lb_F
-5
#ub_F
5
#ph_steep
-1
#lb_steep
0.2
#ub_steep
1
#ph_M_CNST
-1
#ph_M_pop_CNST
-1
#ph_M_age_CNST
-1
#ph_M_pop_age
-1
#lb_M
-5
#ub_M
5
#ph_sel_log
4
#lb_sel_beta1
-5
#ub_sel_beta1
5
#lb_sel_beta2
-5
#ub_sel_beta2
5
#lb_sel_beta3
-10
#ub_sel_beta3
5
#lb_sel_beta4
-10
#ub_sel_beta4
5
#lb_sel_beta1_surv
-5
#ub_sel_beta1_surv
5
#lb_sel_beta2_surv
-5
#ub_sel_beta2_surv
5
#lb_sel_beta3_surv
-10
#ub_sel_beta3_surv
5
#lb_sel_beta4_surv
-10
#ub_sel_beta4_surv
5
#ph_sel_log_surv
4
#ph_sel_dubl
-5
#ph_sel_dubl_surv
-5
#ph_q
1
#lb_q
-10
#ub_q
5
#ph_F_rho
-1
#lb_F_rho
0
#ub_F_rho
2
#phase_T_YR
-5
#phase_T_YR_ALT_FREQ
5
#T_est_freq
2
#phase_T_YR_AGE_ALT_FREQ
-6
#T_est_age_freq
4
#juv_age
2
#phase_T_CNST
-5
#phase_T_CNST_AGE
-6
#phase_T_YR_AGE
-6
#lb_T
-5
#ub_T
5
#phase_rep_rate_YR
-6
#phase_rep_rate_CNST
-6
#lb_B
-6
#ub_B
6
#ph_T_tag
-7
#ph_F_tag
-3
#lb_scalar
-10
#ub_scalar
10
#ph_dummy
-1
#wt_surv
1
#wt_catch
1
#wt_fish_age
1
#wt_srv_age
1
#wt_rec
1
#wt_tag
1
#wt_F_pen
1
#wt_M_pen
0
#wt_B_pen
0
#report_rate_sigma
0.1
#report_rate_ave
0.5
#abund_pen_switch
0
#wt_abund_pen
0.1
#move_pen_switch
0
#wt_move_pen
10
#Tpen
-5
#Tpen2
5
#input_weight
 0.1 0.75 1.5 3 5 7 7.5 7.7
 0.5 0.65 2 4 5.5 7.2 7.9 8.3
#input_catch_weight
 0.1 0.75 1.5 3 5 7 7.5 7.7
 0.5 0.65 2 4 5.5 7.2 7.9 8.3
#fecundity
 1 1 1 1 1 1 1 1
 1 1 1 1 1 1 1 1
#maturity
 0.001 0.35 0.75 0.9 1 1 1 1
 0.0001 0.45 0.85 0.99 1 1 1 1
#prop_fem
 0.5
 0.5
#OBS_rec_index_BM
 3559.71 3769.34 5876.03 5305.21 9709.02 2597.2 2956.09 13010.2 3845.07 3393.74 2694.02 5020.2 14906.5 12706 11719.5 15632 9450.03 4581.13 7933.92 9624.82 913.755 6720.34 2671.4 4406.3 4584.13 2542.97 3183.97 6701.06 8279.19 3328.74
 5583.44 5969.28 1038.37 6396.1 1621.5 1792.36 3044.92 2402.25 5687.29 677.236 4630.01 3133.01 6872.72 1408.97 3288.17 1826.35 1688.14 2730.2 2734.74 8112.79 5204.35 3078.38 16150.6 820.503 9915.59 2446.25 3400.87 1790.3 14755.2 2428.68
#OBS_survey_fleet_bio
 59.9925
 119.363
 51.3314
 64.1044
 63.8792
 29.8779
 51.4008
 43.6162
 42.3065
 33.51
 50.5343
 32.8452
 27.0943
 27.7553
 35.0472
 32.8328
 36.5036
 28.0382
 37.1781
 43.7042
 35.1399
 39.3896
 29.4581
 34.1379
 48.3233
 40.1287
 31.5649
 44.0679
 57.8754
 60.5355
 44.3985
 29.5984
 38.3006
 32.3895
 35.2773
 26.1802
 20.9144
 13.4951
 13.9811
 19.6312
 14.4385
 17.5793
 12.9997
 15.8034
 11.0581
 10.5427
 11.6218
 14.3241
 10.185
 14.5434
 7.27514
 19.2833
 15.5172
 15.4698
 15.702
 17.1771
 22.4329
 32.5291
 18.3572
 16.7641
#OBS_survey_fleet_bio_se_EM
 0.2
 0.2
 0.2
 0.2
 0.2
 0.2
 0.2
 0.2
 0.2
 0.2
 0.2
 0.2
 0.2
 0.2
 0.2
 0.2
 0.2
 0.2
 0.2
 0.2
 0.2
 0.2
 0.2
 0.2
 0.2
 0.2
 0.2
 0.2
 0.2
 0.2
 0.2
 0.2
 0.2
 0.2
 0.2
 0.2
 0.2
 0.2
 0.2
 0.2
 0.2
 0.2
 0.2
 0.2
 0.2
 0.2
 0.2
 0.2
 0.2
 0.2
 0.2
 0.2
 0.2
 0.2
 0.2
 0.2
 0.2
 0.2
 0.2
 0.2

#OBS_survey_prop
 0 0.126667 0.253333 0.186667 0.113333 0.146667 0.08 0.0933333
 0.0133333 0.0866667 0.22 0.206667 0.18 0.12 0.0933333 0.08
 0.0133333 0.0866667 0.193333 0.206667 0.24 0.1 0.0333333 0.126667
 0.00666667 0.0933333 0.26 0.193333 0.18 0.06 0.1 0.106667
 0.0266667 0.113333 0.226667 0.233333 0.16 0.06 0.0533333 0.126667
 0.0133333 0.2 0.226667 0.113333 0.186667 0.0733333 0.0466667 0.14
 0.00666667 0.0933333 0.346667 0.173333 0.0933333 0.0866667 0.0733333 0.126667
 0.04 0.193333 0.173333 0.246667 0.126667 0.0933333 0.0533333 0.0733333
 0.00666667 0.253333 0.26 0.193333 0.14 0.0466667 0.0333333 0.0666667
 0.02 0.12 0.466667 0.166667 0.12 0.0533333 0.0133333 0.04
 0.00666667 0.0733333 0.266667 0.426667 0.16 0.0133333 0.04 0.0133333
 0.0466667 0.173333 0.193333 0.226667 0.233333 0.0466667 0.02 0.06
 0.0333333 0.32 0.28 0.12 0.1 0.1 0.0266667 0.02
 0.0266667 0.213333 0.446667 0.18 0.0333333 0.0533333 0.04 0.00666667
 0.02 0.133333 0.36 0.353333 0.0933333 0.0133333 0.0133333 0.0133333
 0.0333333 0.186667 0.173333 0.373333 0.166667 0.0533333 0.00666667 0.00666667
 0.0133333 0.313333 0.3 0.133333 0.14 0.08 0.0133333 0.00666667
 0.00666667 0.2 0.413333 0.186667 0.08 0.0733333 0.0266667 0.0133333
 0.02 0.0866667 0.28 0.386667 0.113333 0.0333333 0.06 0.02
 0.04 0.253333 0.22 0.24 0.126667 0.0866667 0.0133333 0.02
 0.00666667 0.22 0.4 0.16 0.106667 0.0533333 0.0333333 0.02
 0.00666667 0.0466667 0.446667 0.333333 0.0933333 0.04 0.0266667 0.00666667
 0.0466667 0.133333 0.153333 0.36 0.22 0.06 0.0133333 0.0133333
 0.02 0.266667 0.293333 0.0666667 0.22 0.0933333 0.02 0.02
 0.0333333 0.12 0.34 0.22 0.0533333 0.133333 0.0466667 0.0533333
 0.00666667 0.153333 0.213333 0.333333 0.14 0.04 0.0533333 0.06
 0.00666667 0.0733333 0.306667 0.233333 0.26 0.0533333 0.0266667 0.04
 0.00666667 0.18 0.14 0.293333 0.173333 0.126667 0.0333333 0.0466667
 0.0133333 0.12 0.36 0.0733333 0.193333 0.113333 0.08 0.0466667
 0.0133333 0.16 0.346667 0.213333 0.0533333 0.106667 0.0266667 0.08
 0.02 0.106667 0.226667 0.293333 0.106667 0.12 0.0666667 0.06
 0.00666667 0.0733333 0.206667 0.266667 0.18 0.126667 0.0266667 0.113333
 0.02 0.08 0.22 0.22 0.146667 0.106667 0.08 0.126667
 0.0133333 0.0933333 0.213333 0.206667 0.166667 0.0933333 0.08 0.133333
 0.0333333 0.08 0.18 0.226667 0.16 0.0933333 0.126667 0.1
 0.06 0.12 0.206667 0.146667 0.173333 0.106667 0.0666667 0.12
 0.0666667 0.1 0.333333 0.173333 0.14 0.1 0.0266667 0.06
 0.0666667 0.133333 0.26 0.24 0.0866667 0.0666667 0.0466667 0.1
 0.02 0.173333 0.306667 0.213333 0.166667 0.0333333 0.00666667 0.08
 0.0333333 0.0866667 0.48 0.213333 0.0666667 0.06 0 0.06
 0.06 0.0866667 0.34 0.3 0.1 0.0333333 0.0333333 0.0466667
 0.08 0.16 0.153333 0.226667 0.266667 0.04 0.0266667 0.0466667
 0.08 0.233333 0.313333 0.0933333 0.1 0.12 0.02 0.04
 0.0333333 0.206667 0.533333 0.133333 0.0266667 0.0333333 0.0133333 0.02
 0.0266667 0.126667 0.453333 0.26 0.0866667 0.02 0.0133333 0.0133333
 0.0333333 0.306667 0.226667 0.273333 0.12 0.04 0 0
 0.0333333 0.16 0.386667 0.166667 0.2 0.0266667 0 0.0266667
 0.0466667 0.146667 0.466667 0.266667 0.0333333 0.04 0 0
 0.04 0.173333 0.286667 0.36 0.1 0.0333333 0.00666667 0
 0.133333 0.153333 0.333333 0.18 0.1 0.0533333 0.02 0.0266667
 0.0266667 0.3 0.326667 0.186667 0.0866667 0.0666667 0 0.00666667
 0.0533333 0.0466667 0.52 0.246667 0.08 0.0333333 0.02 0
 0.08 0.126667 0.126667 0.406667 0.193333 0.0466667 0.00666667 0.0133333
 0.02 0.2 0.306667 0.106667 0.206667 0.113333 0.00666667 0.04
 0.0466667 0.06 0.486667 0.213333 0.04 0.1 0.0333333 0.02
 0.0266667 0.24 0.166667 0.306667 0.133333 0.0533333 0.0333333 0.04
 0.04 0.1 0.4 0.2 0.14 0.0533333 0.0133333 0.0533333
 0.0533333 0.166667 0.12 0.306667 0.1 0.126667 0.04 0.0866667
 0.106667 0.113333 0.34 0.1 0.126667 0.106667 0.0666667 0.04
 0.0133333 0.2 0.36 0.226667 0.0666667 0.0933333 0.00666667 0.0333333
#OBS_survey_prop_N_EM
 150
 150
 150
 150
 150
 150
 150
 150
 150
 150
 150
 150
 150
 150
 150
 150
 150
 150
 150
 150
 150
 150
 150
 150
 150
 150
 150
 150
 150
 150
 150
 150
 150
 150
 150
 150
 150
 150
 150
 150
 150
 150
 150
 150
 150
 150
 150
 150
 150
 150
 150
 150
 150
 150
 150
 150
 150
 150
 150
 150

#OBS_yield_fleet
 10151.8
 11319.2
 9595.27
 11296
 9525.65
 11526.5
 7487
 9162.54
 9126.81
 7119.12
 8858.05
 11675.4
 10116.1
 6253.87
 9120.59
 14758.2
 11370.7
 9921.92
 9242.54
 8678.55
 8804.9
 6455.35
 12174.8
 7470.19
 7287.23
 11705.5
 10675.2
 5424.48
 5262.49
 909.014
 8779.88
 10273.2
 13312.2
 11299.7
 11724
 9496.65
 8425.66
 8316.24
 6955.65
 7496.17
 9799.84
 8312.94
 12128.7
 7743.01
 11487
 7056.43
 6219.36
 8304.01
 7747.96
 6564.72
 7166.3
 7437.1
 8249.21
 7857.57
 6571.37
 5857.55
 1610.57
 10078.2
 9331.81
 3205.76
#OBS_yield_fleet_se_EM
 0.05
 0.05
 0.05
 0.05
 0.05
 0.05
 0.05
 0.05
 0.05
 0.05
 0.05
 0.05
 0.05
 0.05
 0.05
 0.05
 0.05
 0.05
 0.05
 0.05
 0.05
 0.05
 0.05
 0.05
 0.05
 0.05
 0.05
 0.05
 0.05
 0.05
 0.05
 0.05
 0.05
 0.05
 0.05
 0.05
 0.05
 0.05
 0.05
 0.05
 0.05
 0.05
 0.05
 0.05
 0.05
 0.05
 0.05
 0.05
 0.05
 0.05
 0.05
 0.05
 0.05
 0.05
 0.05
 0.05
 0.05
 0.05
 0.05
 0.05

#OBS_catch_prop
 0.0333333 0.04 0.0933333 0.246667 0.166667 0.24 0.106667 0.0733333
 0.04 0.0666667 0.106667 0.24 0.186667 0.106667 0.12 0.133333
 0.0266667 0.0133333 0.1 0.213333 0.253333 0.16 0.1 0.133333
 0.02 0.0533333 0.106667 0.173333 0.22 0.146667 0.113333 0.166667
 0.0533333 0.0666667 0.0933333 0.213333 0.186667 0.0866667 0.08 0.22
 0.04 0.1 0.106667 0.173333 0.18 0.14 0.06 0.2
 0.0333333 0.0466667 0.14 0.166667 0.2 0.166667 0.106667 0.14
 0.0933333 0.0533333 0.0533333 0.28 0.16 0.153333 0.08 0.126667
 0.0133333 0.173333 0.12 0.16 0.233333 0.146667 0.06 0.0933333
 0.0266667 0.0466667 0.28 0.253333 0.12 0.166667 0.0533333 0.0533333
 0.0333333 0.0666667 0.0933333 0.473333 0.146667 0.1 0.04 0.0466667
 0.0866667 0.0733333 0.0466667 0.24 0.38 0.0733333 0.0533333 0.0466667
 0.113333 0.166667 0.186667 0.12 0.16 0.153333 0.0533333 0.0466667
 0.02 0.18 0.333333 0.26 0.0733333 0.04 0.04 0.0533333
 0.0533333 0.0533333 0.28 0.386667 0.126667 0.0533333 0.02 0.0266667
 0.06 0.08 0.113333 0.34 0.253333 0.0933333 0.0333333 0.0266667
 0.113333 0.126667 0.18 0.213333 0.246667 0.1 0.00666667 0.0133333
 0.0333333 0.08 0.273333 0.333333 0.126667 0.1 0.0533333 0
 0.08 0.0666667 0.133333 0.42 0.2 0.04 0.04 0.02
 0.1 0.126667 0.146667 0.233333 0.24 0.1 0.02 0.0333333
 0.0133333 0.126667 0.24 0.26 0.2 0.1 0.04 0.02
 0.0533333 0.0266667 0.24 0.36 0.166667 0.08 0.0466667 0.0266667
 0.06 0.06 0.0666667 0.44 0.24 0.0866667 0.0333333 0.0133333
 0.0466667 0.0733333 0.153333 0.106667 0.373333 0.186667 0.0133333 0.0466667
 0.0666667 0.0666667 0.22 0.24 0.0866667 0.22 0.08 0.02
 0.00666667 0.12 0.0933333 0.426667 0.12 0.0533333 0.12 0.06
 0.06 0.02 0.2 0.226667 0.36 0.06 0.0266667 0.0466667
 0.0533333 0.0733333 0.02 0.353333 0.2 0.16 0.0533333 0.0866667
 0.0333333 0.06 0.24 0.0933333 0.26 0.133333 0.12 0.06
 0.0333333 0.08 0.126667 0.28 0.0866667 0.18 0.0666667 0.146667
 0.0133333 0 0.18 0.306667 0.16 0.133333 0.12 0.0866667
 0 0.00666667 0.16 0.306667 0.226667 0.0933333 0.0866667 0.12
 0.00666667 0.0266667 0.146667 0.26 0.2 0.146667 0.08 0.133333
 0.00666667 0.0133333 0.186667 0.246667 0.16 0.12 0.1 0.166667
 0.0133333 0.0266667 0.106667 0.186667 0.14 0.186667 0.14 0.2
 0.02 0.02 0.153333 0.286667 0.16 0.133333 0.0666667 0.16
 0.00666667 0.0133333 0.233333 0.22 0.226667 0.126667 0.0466667 0.126667
 0.04 0.0533333 0.213333 0.26 0.0933333 0.126667 0.1 0.113333
 0 0.113333 0.2 0.28 0.233333 0.0733333 0.04 0.06
 0.00666667 0.0466667 0.3 0.273333 0.153333 0.0933333 0.0333333 0.0933333
 0.0133333 0.02 0.186667 0.533333 0.133333 0.0466667 0.0333333 0.0333333
 0.00666667 0.0466667 0.113333 0.34 0.346667 0.06 0.0533333 0.0333333
 0.0266667 0.1 0.28 0.18 0.166667 0.153333 0.0466667 0.0466667
 0 0.0533333 0.493333 0.246667 0.0866667 0.08 0.0266667 0.0133333
 0.0266667 0.0133333 0.3 0.5 0.0866667 0.0333333 0.0133333 0.0266667
 0.02 0.1 0.173333 0.433333 0.226667 0.0333333 0.00666667 0.00666667
 0 0.0333333 0.293333 0.326667 0.22 0.12 0.00666667 0
 0.02 0.08 0.313333 0.393333 0.0933333 0.0733333 0.02 0.00666667
 0.00666667 0.0733333 0.273333 0.346667 0.22 0.04 0.0266667 0.0133333
 0.0266667 0.04 0.313333 0.273333 0.24 0.0733333 0.00666667 0.0266667
 0.00666667 0.0866667 0.366667 0.32 0.113333 0.08 0.02 0.00666667
 0.0133333 0.0133333 0.413333 0.326667 0.12 0.0666667 0.02 0.0266667
 0.0533333 0.0466667 0.106667 0.533333 0.16 0.0666667 0.00666667 0.0266667
 0 0.126667 0.18 0.206667 0.326667 0.113333 0.0266667 0.02
 0.00666667 0.0333333 0.393333 0.253333 0.06 0.2 0.0333333 0.02
 0 0.0333333 0.186667 0.46 0.173333 0.0266667 0.0933333 0.0266667
 0 0.02 0.293333 0.2 0.333333 0.1 0.0266667 0.0266667
 0.02 0.0266667 0.113333 0.333333 0.2 0.213333 0.04 0.0533333
 0.0266667 0.0533333 0.28 0.146667 0.306667 0.08 0.0733333 0.0333333
 0 0.0333333 0.286667 0.326667 0.0733333 0.133333 0.04 0.106667
#OBS_catch_prop_N_EM
 150
 150
 150
 150
 150
 150
 150
 150
 150
 150
 150
 150
 150
 150
 150
 150
 150
 150
 150
 150
 150
 150
 150
 150
 150
 150
 150
 150
 150
 150
 150
 150
 150
 150
 150
 150
 150
 150
 150
 150
 150
 150
 150
 150
 150
 150
 150
 150
 150
 150
 150
 150
 150
 150
 150
 150
 150
 150
 150
 150

#nyrs_release
7
#years_of_tag_releases 
 1 5 10 15 20 25 30
#max_life_tags
5
#age_full_selection
 8 8 8 8 8 8 8 8 8 8 8 8 8 8 8 8 8 8 8 8 8 8 8 8 8 8 8 8 8 8
 8 8 8 8 8 8 8 8 8 8 8 8 8 8 8 8 8 8 8 8 8 8 8 8 8 8 8 8 8 8
#input_report_rate_EM
 0.7
 0.8
#ntags
 37.7356 314.673 793.578 811.667 550.286 455.385 282.713 194.978
 69.141 317.647 721.69 768.583 500.971 320.604 264.457 465.648
 32.918 420.137 1709.95 621.369 306.406 242.687 82.8536 153.867
 75.7828 403.01 1700.9 1203.38 356.253 74.9706 55.7969 77.8148
 107.269 918.549 911.452 839.931 649.535 189.608 44.2664 59.1802
 87.8984 482.084 1431.72 744.839 242.187 442.258 179.942 100.894
 41.0049 536.176 934.064 896.84 261.807 490.877 177.978 274.916
 32.4017 111.565 411.237 390.572 205.186 165.799 132.233 109.991
 46.545 114.279 338.237 359.667 231.054 146.659 122.105 212.715
 22.9572 155.827 621.674 319.914 132.92 89.07 30.7228 56.725
 69.2328 89.9851 477.699 309.119 67.8432 13.3297 10.5227 14.3606
 140.534 204.882 426.886 250.009 169.29 59.928 12.5212 16.1593
 62.84 100.505 650.995 218.932 70.2474 117.836 42.7448 24.0742
 29.2391 247.466 401.252 345.528 91.7947 139.811 49.6834 81.5627
#ntags_total
 5000 5000 5000 5000 5000 5000 5000
#tag_N_EM
 200 200 200 200 200 200 200 200
 200 200 200 200 200 200 200 200
 200 200 200 200 200 200 200 200
 200 200 200 200 200 200 200 200
 200 200 200 200 200 200 200 200
 200 200 200 200 200 200 200 200
 200 200 200 200 200 200 200 200
 200 200 200 200 200 200 200 200
 200 200 200 200 200 200 200 200
 200 200 200 200 200 200 200 200
 200 200 200 200 200 200 200 200
 200 200 200 200 200 200 200 200
 200 200 200 200 200 200 200 200
 200 200 200 200 200 200 200 200

#input_T_EM
 0.85
 0.15
 0.85
 0.15
 0.85
 0.15
 0.85
 0.15
 0.85
 0.15
 0.85
 0.15
 0.85
 0.15
 0.85
 0.15

 0.25
 0.75
 0.25
 0.75
 0.25
 0.75
 0.25
 0.75
 0.25
 0.75
 0.25
 0.75
 0.25
 0.75
 0.25
 0.75


#OBS_tag_prop_final
 0.005 0 0.01 0.025 0.025 0.035 0.015 0.055 0.025 0.01 0.795
 0.025 0 0.055 0.035 0.045 0.025 0.05 0.035 0.01 0.04 0.68
 0.015 0.005 0.09 0.025 0.025 0.045 0.04 0.01 0.01 0.015 0.72
 0.045 0.02 0.055 0.035 0.05 0.05 0.025 0.02 0.02 0 0.68
 0.11 0.025 0.045 0.025 0.035 0.03 0.035 0.035 0.015 0 0.645
 0.04 0.04 0.05 0.045 0.025 0.04 0.065 0.035 0.01 0.01 0.64
 0.07 0.01 0.055 0.03 0.03 0.02 0.035 0.035 0.005 0.015 0.695
 0.095 0.015 0.045 0.055 0.045 0.05 0.03 0.035 0.005 0.015 0.61
 0.01 0 0.01 0.005 0.065 0.05 0.075 0.03 0.03 0.025 0.7
 0.015 0 0.075 0.05 0.05 0.02 0.055 0.01 0.01 0.01 0.705
 0.05 0.035 0.1 0.055 0.06 0.025 0.04 0.01 0.02 0.005 0.6
 0.095 0.05 0.085 0.055 0.03 0.02 0.02 0.005 0.005 0.005 0.63
 0.14 0.04 0.08 0.05 0.05 0.015 0 0.015 0.01 0 0.6
 0.11 0.055 0.09 0.035 0.045 0.03 0.025 0.02 0.01 0.01 0.57
 0.12 0.09 0.06 0.025 0.035 0.02 0.025 0.02 0 0.01 0.595
 0.125 0.065 0.075 0.06 0.045 0.04 0.025 0.025 0.005 0.02 0.515
 0.02 0.005 0.04 0.05 0.05 0.06 0.09 0.02 0.03 0.005 0.63
 0.03 0 0.115 0.045 0.08 0.03 0.02 0.04 0.02 0 0.62
 0.055 0.02 0.11 0.035 0.045 0.03 0.03 0.03 0.01 0.005 0.63
 0.155 0.045 0.11 0.025 0.02 0.025 0.02 0.015 0.005 0.01 0.57
 0.19 0.055 0.09 0.04 0.06 0.04 0.025 0.04 0.005 0 0.455
 0.15 0.07 0.1 0.05 0.04 0.015 0.035 0.04 0.01 0.005 0.485
 0.19 0.06 0.08 0.055 0.06 0.025 0.03 0.03 0.005 0.005 0.46
 0.105 0.055 0.1 0.055 0.04 0.015 0.025 0.025 0.01 0.01 0.56
 0.005 0 0.075 0.015 0.15 0.015 0.05 0.04 0.005 0.01 0.635
 0.05 0.005 0.17 0.02 0.115 0.015 0.02 0.01 0.005 0 0.59
 0.095 0.025 0.18 0.01 0.06 0.015 0.03 0.005 0 0.005 0.575
 0.185 0.02 0.145 0.02 0.04 0.005 0.025 0.01 0.005 0.005 0.54
 0.255 0.035 0.15 0.005 0.065 0.015 0.015 0 0 0 0.46
 0.23 0.03 0.145 0.035 0.035 0.01 0.01 0 0.005 0.005 0.495
 0.275 0.05 0.115 0.02 0.045 0.005 0 0 0.005 0.01 0.475
 0.29 0.035 0.115 0.03 0.07 0.025 0.01 0.015 0.005 0 0.405
 0.01 0 0.02 0.02 0.075 0.035 0.055 0.025 0.02 0.015 0.725
 0.03 0 0.145 0.045 0.035 0.03 0.04 0.015 0.015 0.005 0.64
 0.085 0.015 0.1 0.04 0.055 0.025 0.015 0.01 0.015 0.005 0.635
 0.19 0.015 0.13 0.05 0.03 0.005 0.015 0.005 0.005 0 0.555
 0.295 0.035 0.065 0.035 0.025 0.015 0.04 0.01 0.015 0 0.465
 0.31 0.02 0.055 0.045 0.04 0.025 0.035 0.005 0 0.01 0.455
 0.295 0.03 0.11 0.035 0.04 0.03 0.02 0.01 0.015 0 0.415
 0.25 0.01 0.075 0.045 0.03 0.01 0.035 0.01 0.005 0.015 0.515
 0.005 0 0.08 0.015 0.07 0 0.02 0.04 0.02 0.03 0.72
 0.03 0 0.06 0.045 0.095 0.01 0.005 0.035 0.015 0.01 0.695
 0.055 0.01 0.135 0.015 0.045 0.005 0.015 0.015 0.02 0.005 0.68
 0.145 0.025 0.12 0.02 0.045 0 0.005 0.025 0.01 0.01 0.595
 0.155 0.075 0.115 0.015 0.05 0 0.02 0.005 0.01 0.01 0.545
 0.16 0.07 0.095 0.035 0.055 0.005 0.01 0.025 0.01 0.005 0.53
 0.145 0.05 0.08 0.015 0.08 0.005 0.025 0.025 0 0.005 0.57
 0.075 0.075 0.135 0.03 0.05 0.005 0.02 0.015 0.015 0.01 0.57
 0 0 0 0 0 0 0 0 0 0 1
 0.01 0 0 0 0 0 0 0 0 0 0.99
 0 0.01 0 0 0 0 0 0 0 0 0.99
 0.02 0.02 0 0 0 0 0 0 0 0 0.96
 0.005 0.005 0 0 0 0 0 0 0 0 0.99
 0.015 0.01 0 0 0 0 0 0 0 0 0.975
 0.015 0.01 0 0 0 0 0 0 0 0 0.975
 0.03 0.015 0 0 0 0 0 0 0 0 0.955
 0 0.005 0.01 0.04 0.015 0.06 0.03 0.025 0.03 0.015 0.77
 0 0.005 0.03 0.075 0.03 0.05 0.03 0.01 0.025 0.01 0.735
 0.005 0.045 0.025 0.085 0.025 0.06 0.01 0.025 0.02 0.02 0.68
 0.02 0.1 0.03 0.055 0.01 0.045 0.005 0.03 0.015 0.01 0.68
 0.015 0.165 0.045 0.07 0.035 0.035 0.03 0.03 0.02 0.01 0.545
 0.01 0.1 0.015 0.1 0.02 0.04 0.02 0.015 0.01 0.01 0.66
 0.01 0.115 0.04 0.05 0.025 0.045 0.015 0.01 0.02 0 0.67
 0.015 0.14 0.04 0.095 0.015 0.065 0.005 0.015 0 0.015 0.595
 0 0.015 0.01 0.05 0.03 0.04 0.025 0.035 0.01 0.01 0.775
 0 0 0.05 0.085 0.02 0.065 0.025 0.04 0.02 0.015 0.68
 0.005 0.075 0.035 0.105 0.015 0.04 0.015 0.025 0.005 0 0.68
 0.035 0.17 0.04 0.095 0.02 0.035 0.03 0.015 0 0.005 0.555
 0.03 0.175 0.035 0.08 0.05 0.05 0.025 0.01 0 0.01 0.535
 0.045 0.21 0.02 0.09 0.01 0.03 0.01 0.04 0.015 0.01 0.52
 0.015 0.21 0.03 0.12 0.005 0.045 0.01 0.035 0.015 0.005 0.51
 0.04 0.16 0.01 0.09 0.025 0.04 0.025 0.02 0.005 0.005 0.58
 0.01 0 0.02 0.09 0.03 0.1 0.065 0.06 0.01 0.03 0.585
 0 0.015 0.015 0.14 0.04 0.055 0.03 0.025 0 0.015 0.665
 0.005 0.085 0.015 0.125 0.025 0.035 0.01 0.015 0 0.015 0.67
 0.015 0.225 0 0.13 0.03 0.035 0.01 0.02 0 0.01 0.525
 0.02 0.275 0.035 0.125 0.025 0.04 0.01 0.02 0.005 0.005 0.44
 0.025 0.265 0.015 0.11 0.02 0.04 0.015 0.035 0.005 0.01 0.46
 0.025 0.235 0.03 0.12 0.02 0.04 0.01 0.025 0.01 0.005 0.48
 0.015 0.275 0.015 0.16 0.035 0.045 0.025 0.025 0.005 0 0.4
 0.01 0 0.025 0.095 0.055 0.08 0.02 0.06 0.02 0.02 0.615
 0.01 0.03 0.05 0.145 0.04 0.05 0 0.025 0.005 0.01 0.635
 0.015 0.295 0.03 0.05 0.015 0.025 0.005 0.02 0 0 0.545
 0.015 0.33 0.04 0.1 0.01 0.015 0 0.01 0 0 0.48
 0.05 0.4 0.03 0.095 0 0.035 0 0 0 0 0.39
 0.03 0.4 0.05 0.06 0.015 0.045 0.01 0 0 0 0.39
 0.075 0.43 0.025 0.05 0.015 0.02 0 0.005 0 0.005 0.375
 0.045 0.48 0.015 0.09 0.015 0.02 0.01 0.005 0 0 0.32
 0 0 0.015 0.055 0.05 0.055 0.045 0.05 0.015 0.015 0.7
 0 0.03 0.075 0.12 0.02 0.045 0.015 0.01 0.01 0.005 0.67
 0.015 0.16 0.025 0.07 0.015 0.025 0.01 0.02 0 0.005 0.655
 0.065 0.235 0.03 0.105 0.01 0.015 0.01 0.005 0 0 0.525
 0.04 0.3 0.02 0.105 0.01 0.035 0 0.005 0 0.005 0.48
 0.065 0.305 0.03 0.1 0.015 0.02 0.005 0.005 0.005 0.005 0.445
 0.055 0.265 0.035 0.1 0.015 0.055 0.015 0.01 0.005 0 0.445
 0.055 0.335 0.04 0.065 0.015 0.03 0.025 0.01 0 0 0.425
 0 0 0.025 0.05 0.02 0.015 0.015 0.035 0 0.025 0.815
 0 0.01 0.025 0.105 0.01 0.005 0.005 0.06 0.005 0.03 0.745
 0.01 0.065 0.055 0.075 0.04 0.005 0.005 0.03 0.005 0.005 0.705
 0.03 0.215 0.055 0.095 0.025 0.01 0.01 0.025 0 0.005 0.53
 0.055 0.195 0.035 0.05 0.03 0.01 0.01 0.015 0 0.015 0.585
 0.045 0.2 0.03 0.085 0.025 0.025 0.005 0.02 0 0.02 0.545
 0.06 0.24 0.055 0.05 0.01 0.005 0 0.035 0 0.015 0.53
 0.025 0.21 0.095 0.065 0.04 0 0.01 0.01 0.005 0.015 0.525
 0 0.005 0 0 0 0 0 0 0 0 0.995
 0 0 0 0 0 0 0 0 0 0 1
 0 0.05 0 0 0 0 0 0 0 0 0.95
 0 0.09 0 0 0 0 0 0 0 0 0.91
 0.005 0.095 0 0 0 0 0 0 0 0 0.9
 0 0.105 0 0 0 0 0 0 0 0 0.895
 0 0.085 0 0 0 0 0 0 0 0 0.915
 0.005 0.125 0 0 0 0 0 0 0 0 0.87
#OBS_tag_prop_final_no_age
 0 0 0 0 0 0 0 0 0 0 0
 0 0 0 0 0 0 0 0 0 0 0
 0 0 0 0 0 0 0 0 0 0 0
 0 0 0 0 0 0 0 0 0 0 0
 0 0 0 0 0 0 0 0 0 0 0
 0 0 0 0 0 0 0 0 0 0 0
 0 0 0 0 0 0 0 0 0 0 0
 0 0 0 0 0 0 0 0 0 0 0
 0 0 0 0 0 0 0 0 0 0 0
 0 0 0 0 0 0 0 0 0 0 0
 0 0 0 0 0 0 0 0 0 0 0
 0 0 0 0 0 0 0 0 0 0 0
 0 0 0 0 0 0 0 0 0 0 0
 0 0 0 0 0 0 0 0 0 0 0
#input_M_EM
 0.2 0.2 0.2 0.2 0.2 0.2 0.2 0.2
 0.25 0.25 0.25 0.25 0.25 0.25 0.25 0.25
#input_R_ave_EM
 6000 4000
#input_Rec_Prop_EM
 1 1 1 1 1 1 1 1 1 1 1 1 1 1 1 1 1 1 1 1 1 1 1 1 1 1 1 1 1 1
 1 1 1 1 1 1 1 1 1 1 1 1 1 1 1 1 1 1 1 1 1 1 1 1 1 1 1 1 1 1
#input_selectivity_EM
 0.05
 0.1
 0.25
 0.68
 0.95
 0.99
 1
 1
 0.01
 0.05
 0.37
 0.84
 0.97
 1
 1
 1

#input_survey_selectivity_EM
 0.03
 0.3
 0.75
 0.95
 1
 1
 1
 1
 0.05
 0.2
 0.69
 0.9
 1
 1
 1
 1

#input_steep_EM
 0.8 0.8
#input_dist_init_abund
 1
 0
 0
 1
#frac_natal_true
 1
 0
 0
 1
#input_M_TRUE
 0.2 0.2 0.2 0.2 0.2 0.2 0.2 0.2
 0.25 0.25 0.25 0.25 0.25 0.25 0.25 0.25
#init_abund_TRUE
 6000 5000 5040 4320 3000 2500 1500 1000
 0 0 0 0 0 0 0 0
 0 0 0 0 0 0 0 0
 4000 3500 4000 3000 1250 1000 900 800
#q_survey
 0.0015
 0.001
#sel_beta1
 0.8
 0.8
#sel_beta2
 3
 3
#sel_beta3
 -0.6
 -0.6
#sel_beta4
 20
 20
#sel_beta1_survey
 0.8
 0.8
#sel_beta2_survey
 2
 2
#sel_beta3_survey
 -0.6
 -0.6
#sel_beta4_survey
 20
 20
#steep
 0.7 0.814
#R_ave
 6000 4000
#SSB_zero
 60020 30997.8
#rec_devs
 0.398416 0.832586 0.829848 0.609935 1.23077 0.496144 0.486795 2.16068 0.90405 0.564628 1.06931 1.51514 1.80106 0.760168 0.978034 1.98246 1.11949 0.663283 1.60477 1.13216 0.311692 0.768017 0.708501 1.05026 1.33074 0.306996 0.9626 1.00848 0.900627 0.732356
 1.37772 1.27872 0.775427 0.788213 0.739586 1.10403 1.59682 1.05415 0.898026 0.376743 0.698638 1.79268 1.31357 0.541063 1.50724 0.5988 0.677684 1.23734 0.932401 2.70131 0.775733 1.07252 3.14045 0.583424 1.4818 0.788557 1.39722 1.22346 2.30711 0.671924
#Rec_Prop
 1 1 1 1 1 1 1 1 1 1 1 1 1 1 1 1 1 1 1 1 1 1 1 1 1 1 1 1 1
 1 1 1 1 1 1 1 1 1 1 1 1 1 1 1 1 1 1 1 1 1 1 1 1 1 1 1 1 1
#recruits_BM
 6000 4995.51 4979.09 3659.61 7384.61 2976.86 2920.77 12964.1 5424.3 3387.77 6415.88 9090.83 10806.4 4561.01 5868.2 11894.8 6716.96 3979.7 9628.64 6792.95 1870.15 4608.1 4251 6301.57 7984.45 1841.98 5775.6 6050.86 5403.76 4394.14
 4000 5114.87 3101.71 3152.85 2958.34 4416.12 6387.27 4216.59 3592.11 1506.97 2794.55 7170.73 5254.3 2164.25 6028.95 2395.2 2710.74 4949.35 3729.6 10805.3 3102.93 4290.07 12561.8 2333.7 5927.19 3154.23 5588.88 4893.82 9228.43 2687.7
#F
 0.01 0.02 0.05 0.136 0.19 0.198 0.2 0.2
 0.0123334 0.0246667 0.0616669 0.167734 0.234334 0.244201 0.246667 0.246667
 0.0142388 0.0284777 0.0711942 0.193648 0.270538 0.281929 0.284777 0.284777
 0.0148574 0.0297148 0.0742869 0.20206 0.28229 0.294176 0.297148 0.297148
 0.0157124 0.0314249 0.0785622 0.213689 0.298536 0.311106 0.314249 0.314249
 0.0202783 0.0405566 0.101391 0.275785 0.385287 0.40151 0.405566 0.405566
 0.0178153 0.0356307 0.0890767 0.242289 0.338491 0.352744 0.356307 0.356307
 0.0206459 0.0412917 0.103229 0.280784 0.392271 0.408788 0.412917 0.412917
 0.0216439 0.0432878 0.108219 0.294357 0.411234 0.428549 0.432878 0.432878
 0.0215382 0.0430764 0.107691 0.29292 0.409226 0.426456 0.430764 0.430764
 0.0224526 0.0449051 0.112263 0.305355 0.426599 0.444561 0.449051 0.449051
 0.0325801 0.0651602 0.162901 0.44309 0.619022 0.645086 0.651602 0.651602
 0.0409092 0.0818184 0.204546 0.556365 0.777274 0.810002 0.818184 0.818184
 0.0262163 0.0524325 0.131081 0.356541 0.498109 0.519082 0.524325 0.524325
 0.0286741 0.0573482 0.143371 0.389968 0.544808 0.567748 0.573482 0.573482
 0.0383788 0.0767577 0.191894 0.521952 0.729198 0.759901 0.767577 0.767577
 0.0372633 0.0745266 0.186317 0.506781 0.708003 0.737813 0.745266 0.745266
 0.0351615 0.070323 0.175807 0.478196 0.668068 0.696197 0.70323 0.70323
 0.030567 0.061134 0.152835 0.415711 0.580773 0.605227 0.61134 0.61134
 0.0305169 0.0610338 0.152585 0.41503 0.579821 0.604235 0.610338 0.610338
 0.0264426 0.0528852 0.132213 0.359619 0.502409 0.523563 0.528852 0.528852
 0.0165371 0.0330741 0.0826853 0.224904 0.314204 0.327434 0.330741 0.330741
 0.0261205 0.0522409 0.130602 0.355238 0.496289 0.517185 0.522409 0.522409
 0.0170124 0.0340247 0.0850618 0.231368 0.323235 0.336845 0.340247 0.340247
 0.0153875 0.030775 0.0769374 0.20927 0.292362 0.304672 0.30775 0.30775
 0.0243613 0.0487225 0.121806 0.331313 0.462864 0.482353 0.487225 0.487225
 0.023911 0.0478221 0.119555 0.32519 0.45431 0.473438 0.478221 0.478221
 0.0104177 0.0208354 0.0520886 0.141681 0.197936 0.206271 0.208354 0.208354
 0.01 0.02 0.05 0.136 0.19 0.198 0.2 0.2
 0.00155992 0.00311985 0.00779962 0.021215 0.0296385 0.0308865 0.0311985 0.0311985
 0.0025 0.0125 0.0925 0.21 0.2425 0.25 0.25 0.25
 0.00298828 0.0149414 0.110567 0.251016 0.289864 0.298828 0.298828 0.298828
 0.00351078 0.0175539 0.129899 0.294905 0.340546 0.351078 0.351078 0.351078
 0.00402325 0.0201162 0.14886 0.337953 0.390255 0.402325 0.402325 0.402325
 0.00441997 0.0220998 0.163539 0.371277 0.428737 0.441997 0.441997 0.441997
 0.00431791 0.0215896 0.159763 0.362705 0.418838 0.431791 0.431791 0.431791
 0.00468837 0.0234418 0.17347 0.393823 0.454772 0.468837 0.468837 0.468837
 0.0069861 0.0349305 0.258486 0.586832 0.677651 0.69861 0.69861 0.69861
 0.00572634 0.0286317 0.211875 0.481013 0.555455 0.572634 0.572634 0.572634
 0.00515569 0.0257784 0.19076 0.433078 0.500102 0.515569 0.515569 0.515569
 0.00639646 0.0319823 0.236669 0.537302 0.620456 0.639646 0.639646 0.639646
 0.00537724 0.0268862 0.198958 0.451688 0.521592 0.537724 0.537724 0.537724
 0.0116864 0.058432 0.432397 0.981658 1.13358 1.16864 1.16864 1.16864
 0.008216 0.04108 0.303992 0.690144 0.796952 0.8216 0.8216 0.8216
 0.0131352 0.0656762 0.486004 1.10336 1.27412 1.31352 1.31352 1.31352
 0.00889115 0.0444558 0.328973 0.746857 0.862442 0.889115 0.889115 0.889115
 0.00811022 0.0405511 0.300078 0.681258 0.786691 0.811022 0.811022 0.811022
 0.00838238 0.0419119 0.310148 0.70412 0.813091 0.838238 0.838238 0.838238
 0.00783016 0.0391508 0.289716 0.657733 0.759525 0.783016 0.783016 0.783016
 0.00712337 0.0356168 0.263565 0.598363 0.690967 0.712337 0.712337 0.712337
 0.00720453 0.0360227 0.266568 0.605181 0.69884 0.720453 0.720453 0.720453
 0.00533975 0.0266988 0.197571 0.448539 0.517956 0.533975 0.533975 0.533975
 0.00574304 0.0287152 0.212492 0.482415 0.557074 0.574304 0.574304 0.574304
 0.00614551 0.0307276 0.227384 0.516223 0.596115 0.614551 0.614551 0.614551
 0.00517198 0.0258599 0.191363 0.434447 0.501682 0.517198 0.517198 0.517198
 0.00383234 0.0191617 0.141797 0.321917 0.371737 0.383234 0.383234 0.383234
 0.00078246 0.0039123 0.028951 0.0657266 0.0758986 0.078246 0.078246 0.078246
 0.00535362 0.0267681 0.198084 0.449704 0.519301 0.535362 0.535362 0.535362
 0.0060689 0.0303445 0.224549 0.509787 0.588683 0.60689 0.60689 0.60689
 0.00192618 0.0096309 0.0712687 0.161799 0.186839 0.192618 0.192618 0.192618
#Fyear
 0.2
 0.246667
 0.284777
 0.297148
 0.314249
 0.405566
 0.356307
 0.412917
 0.432878
 0.430764
 0.449051
 0.651602
 0.818184
 0.524325
 0.573482
 0.767577
 0.745266
 0.70323
 0.61134
 0.610338
 0.528852
 0.330741
 0.522409
 0.340247
 0.30775
 0.487225
 0.478221
 0.208354
 0.2
 0.0311985
 0.25
 0.298828
 0.351078
 0.402325
 0.441997
 0.431791
 0.468837
 0.69861
 0.572634
 0.515569
 0.639646
 0.537724
 1.16864
 0.8216
 1.31352
 0.889115
 0.811022
 0.838238
 0.783016
 0.712337
 0.720453
 0.533975
 0.574304
 0.614551
 0.517198
 0.383234
 0.078246
 0.535362
 0.60689
 0.192618
#biomass_AM
 70022.3 69340.5 58361.7 57015.8 47582.5 41735 37307 39142.8 38804.2 35792.6 36265.9 33795.2 31512 29548.5 35284.8 38160.3 35403.5 32013.3 31347.8 33493 33795.6 34348.9 42127.1 39480.5 41512.7 44979.3 42345.3 40213.5 43090.8 45402.1
 59223.7 58160.3 60062.4 46140.7 42872.1 37523.6 32556.4 26583.4 25489.6 29757.9 30977.6 30678 27761 23771.1 25002.5 19395.2 19707.7 23202 23038.6 24667.3 25072 28557.5 28717.1 26248.5 28602.9 29551.5 31475.9 37985.6 35215.8 32708.7
#biomass_population
 70022.3 69340.5 58361.7 57015.8 47582.5 41735 37307 39142.8 38804.2 35792.6 36265.9 33795.2 31512 29548.5 35284.8 38160.3 35403.5 32013.3 31347.8 33493 33795.6 34348.9 42127.1 39480.5 41512.7 44979.3 42345.3 40213.5 43090.8 45402.1
 59223.7 58160.3 60062.4 46140.7 42872.1 37523.6 32556.4 26583.4 25489.6 29757.9 30977.6 30678 27761 23771.1 25002.5 19395.2 19707.7 23202 23038.6 24667.3 25072 28557.5 28717.1 26248.5 28602.9 29551.5 31475.9 37985.6 35215.8 32708.7
#catch_at_age_fleet_prop
 0.0254288 0.0424173 0.107035 0.235577 0.212319 0.183149 0.114859 0.0792147
 0.0255073 0.0424802 0.0872198 0.225969 0.230189 0.141054 0.11682 0.130761
 0.0250566 0.046177 0.0910271 0.186726 0.225955 0.164056 0.094702 0.166299
 0.0236776 0.0445446 0.102358 0.197041 0.185475 0.160377 0.111798 0.17473
 0.0451557 0.0415029 0.0943884 0.216698 0.188066 0.12549 0.104572 0.184127
 0.0276041 0.0795387 0.0917837 0.20094 0.207834 0.12665 0.0811162 0.184534
 0.0337346 0.0521481 0.166337 0.190547 0.184661 0.133579 0.0777952 0.161199
 0.102813 0.060705 0.101851 0.289523 0.149293 0.101246 0.0704069 0.124163
 0.0458089 0.160456 0.125959 0.19309 0.233094 0.083851 0.0544187 0.103322
 0.0275241 0.0702879 0.286495 0.224939 0.147999 0.122265 0.0421725 0.0783181
 0.0498769 0.0379492 0.119869 0.449901 0.160377 0.0716961 0.0558904 0.0544395
 0.0853958 0.0831674 0.0770631 0.227037 0.346915 0.088017 0.0369548 0.0554502
 0.116064 0.155388 0.170218 0.140016 0.167035 0.167805 0.0413163 0.0421586
 0.0472414 0.167227 0.272773 0.264997 0.0856935 0.0670888 0.063644 0.0313359
 0.0559026 0.0594921 0.251627 0.385952 0.152947 0.0335898 0.025261 0.0352291
 0.0935321 0.0851289 0.102028 0.381547 0.23798 0.0631089 0.0131974 0.0234773
 0.0624083 0.159284 0.180595 0.183003 0.264945 0.107564 0.0268385 0.0153616
 0.0418111 0.0961449 0.282304 0.295996 0.115735 0.109656 0.0421446 0.0162092
 0.0861812 0.0670842 0.157521 0.404195 0.179041 0.0449 0.0401635 0.0209137
 0.0767591 0.131541 0.13083 0.261637 0.271095 0.0826 0.0194867 0.026052
 0.0217927 0.134693 0.241113 0.2332 0.184277 0.127173 0.0375479 0.0202046
 0.0413452 0.033049 0.234406 0.370396 0.15828 0.0833021 0.0545632 0.0246581
 0.0534171 0.0634383 0.0627435 0.402325 0.261921 0.0797024 0.0394765 0.036976
 0.0490455 0.101347 0.131973 0.12731 0.350045 0.153344 0.0447931 0.0421429
 0.0643142 0.0705671 0.209779 0.235241 0.101833 0.193887 0.079694 0.0446846
 0.0158959 0.0972734 0.124011 0.369482 0.178105 0.0542948 0.0987502 0.062188
 0.0460117 0.0284728 0.190913 0.226771 0.299891 0.0972428 0.0283018 0.0823967
 0.0450032 0.0721124 0.0569236 0.348322 0.184317 0.179733 0.053782 0.0598065
 0.0469391 0.071798 0.141579 0.114619 0.31723 0.120662 0.115818 0.0713549
 0.0286087 0.074819 0.130351 0.268822 0.104169 0.203541 0.074544 0.115145
 0.00525201 0.0226094 0.179118 0.297259 0.162508 0.135417 0.108001 0.0898352
 0.00591244 0.0214221 0.128507 0.277875 0.224528 0.119198 0.0968472 0.12571
 0.00477297 0.025314 0.133657 0.219993 0.221306 0.157028 0.0844687 0.15346
 0.00483587 0.0223257 0.160406 0.229015 0.173083 0.150268 0.103022 0.157044
 0.00728452 0.0223651 0.142558 0.266211 0.178285 0.116752 0.0972056 0.169338
 0.00878259 0.0364614 0.142748 0.242101 0.203825 0.119116 0.0752845 0.171681
 0.0140831 0.0365397 0.2231 0.221878 0.169353 0.122367 0.0692071 0.143472
 0.0143619 0.056226 0.200699 0.323218 0.139484 0.0915871 0.0635738 0.110851
 0.0116968 0.0665027 0.274487 0.256424 0.193093 0.0696252 0.0441598 0.084011
 0.00461771 0.0391974 0.337074 0.305337 0.132372 0.0915346 0.0315729 0.0582946
 0.00775699 0.0186287 0.199422 0.455098 0.167028 0.0642433 0.0443615 0.0434627
 0.0202569 0.0395831 0.119036 0.307298 0.330587 0.0947509 0.0365863 0.0519021
 0.0213991 0.103887 0.260189 0.172076 0.183195 0.17011 0.0456754 0.0434703
 0.00810733 0.0793082 0.4612 0.262193 0.063634 0.0532518 0.0476858 0.0246199
 0.0191781 0.0311977 0.361806 0.429562 0.0999398 0.0203423 0.0160586 0.0219155
 0.0127563 0.085647 0.186267 0.458189 0.19529 0.0396539 0.00781867 0.014378
 0.0122583 0.0575782 0.3982 0.2124 0.215048 0.0786683 0.016524 0.0093232
 0.0173466 0.0468888 0.306234 0.41039 0.0957778 0.0831493 0.0298714 0.0103417
 0.0155648 0.0596376 0.243346 0.403066 0.188185 0.0396501 0.0337478 0.0168016
 0.034632 0.0631524 0.28438 0.2954 0.209306 0.0765125 0.0159863 0.0206313
 0.00894854 0.109594 0.307227 0.298705 0.142729 0.0888659 0.0293442 0.0145856
 0.0101417 0.0240607 0.410283 0.325844 0.125312 0.0546577 0.0336104 0.0160895
 0.026966 0.0373629 0.116523 0.511003 0.193831 0.062197 0.0271884 0.0249291
 0.0083279 0.108232 0.219118 0.166873 0.322863 0.111531 0.0338292 0.0292254
 0.014704 0.0294099 0.410621 0.243098 0.0813899 0.140887 0.0511063 0.0287835
 0.00666965 0.050509 0.148913 0.497301 0.142827 0.041535 0.0707799 0.0414658
 0.0111716 0.0213128 0.252968 0.22056 0.321551 0.0838828 0.0236507 0.0649032
 0.0103183 0.0427584 0.106265 0.381462 0.162645 0.191488 0.0506838 0.0543791
 0.0203112 0.0460974 0.25397 0.155935 0.263691 0.0966366 0.104329 0.0590304
 0.00603347 0.063841 0.222362 0.334202 0.0923553 0.145046 0.0515437 0.0846166
#yield_fleet
 9349.83
 11457
 11044.9
 11143.4
 9701.77
 10289.7
 7984.95
 9219.81
 8645.71
 7707.2
 8924
 11589
 11119.1
 6285.83
 9047.79
 13543.9
 11414.9
 9527.55
 9001.6
 9588.11
 8172.24
 5977.82
 12071.9
 7748.9
 7028.61
 11539.4
 11258.6
 5310.68
 5471.65
 939.04
 9338.63
 11105.8
 13343
 11423.8
 11346.4
 9427.74
 8098.8
 8739.82
 6796.04
 7599.2
 10207.6
 8389.68
 11747.4
 7270.66
 11345.5
 6986.25
 6386.84
 7844.2
 7590.63
 6617.39
 7197.27
 6911.51
 7634.66
 7335.72
 6716.86
 6165.12
 1492.89
 11062.5
 10077.1
 3559.98
#survey_at_age_fleet_prop
 0.0109664 0.0914478 0.230623 0.23588 0.15992 0.13234 0.0821596 0.056663
 0.0113612 0.0945845 0.194055 0.233477 0.178804 0.105102 0.0861666 0.0964497
 0.0111736 0.102932 0.202727 0.193005 0.175488 0.122211 0.0698335 0.122629
 0.0103925 0.0977297 0.224361 0.200408 0.141718 0.117534 0.0811024 0.126756
 0.0201651 0.0926426 0.210482 0.224159 0.146109 0.093505 0.0771295 0.135807
 0.0117201 0.168787 0.194504 0.197186 0.152931 0.0893564 0.056647 0.128868
 0.0134778 0.104137 0.331778 0.17617 0.128134 0.0888869 0.0512408 0.106176
 0.0441191 0.130197 0.218139 0.287099 0.110993 0.0721717 0.0496762 0.0876039
 0.0168167 0.294397 0.230759 0.163715 0.148114 0.0510828 0.0328135 0.0623014
 0.00922025 0.117679 0.478953 0.174044 0.0858233 0.0679758 0.0232071 0.0430976
 0.0203275 0.077298 0.243779 0.423302 0.113049 0.0484504 0.0373826 0.0364122
 0.0372406 0.181222 0.167492 0.227123 0.258723 0.062877 0.0261237 0.0391982
 0.0422617 0.282652 0.308545 0.116208 0.102822 0.0988587 0.0240808 0.0245717
 0.0144576 0.255754 0.41638 0.186816 0.0451845 0.0339037 0.0318313 0.0156725
 0.0191957 0.102082 0.430837 0.304813 0.0902384 0.0189899 0.0141333 0.0197104
 0.0379648 0.172628 0.206235 0.353728 0.163908 0.0416108 0.00860942 0.0153156
 0.0217505 0.277348 0.31349 0.145803 0.156931 0.0609996 0.0150592 0.00861946
 0.0135888 0.156122 0.457114 0.220266 0.0641103 0.0581698 0.0221216 0.00850815
 0.0329549 0.128182 0.300281 0.355046 0.117374 0.0282006 0.0249633 0.0129988
 0.0288373 0.246936 0.245028 0.225801 0.174616 0.0509728 0.0119002 0.0159096
 0.00713034 0.220233 0.393479 0.175738 0.103856 0.0686912 0.020072 0.0108008
 0.0148753 0.0594338 0.421097 0.308571 0.0990066 0.049973 0.0324005 0.0146423
 0.0230431 0.136759 0.135005 0.399818 0.19469 0.056781 0.0278337 0.0260706
 0.0194885 0.20129 0.261828 0.117111 0.241734 0.101557 0.0293645 0.0276271
 0.0236806 0.129878 0.385719 0.200666 0.0652474 0.119148 0.048478 0.0271818
 0.00603566 0.184585 0.234915 0.323528 0.116743 0.0341138 0.0614081 0.0386718
 0.0182281 0.0563729 0.377345 0.207229 0.205187 0.0637787 0.0183718 0.0534869
 0.0194841 0.156076 0.123126 0.350084 0.139337 0.130346 0.0386109 0.0429361
 0.0191901 0.146739 0.289186 0.108797 0.226511 0.0826533 0.078537 0.0483861
 0.0113472 0.148375 0.258481 0.24818 0.0724493 0.135839 0.0492514 0.0760768
 0.0207838 0.0715627 0.263785 0.25053 0.131615 0.106351 0.08482 0.070553
 0.0242843 0.070372 0.196323 0.242676 0.188358 0.0969566 0.0787765 0.102254
 0.0195207 0.0827991 0.203202 0.190947 0.184429 0.12687 0.0682459 0.123987
 0.0195932 0.0723393 0.241447 0.196525 0.142534 0.119956 0.0822403 0.125365
 0.0296228 0.0727307 0.215265 0.228903 0.14705 0.0933384 0.0777116 0.135378
 0.0343684 0.114103 0.207454 0.200413 0.161867 0.0916911 0.0579513 0.132154
 0.0515786 0.107015 0.303306 0.171623 0.125616 0.0879684 0.0497523 0.103141
 0.0512434 0.160391 0.264955 0.240718 0.0992981 0.0631423 0.0438293 0.076423
 0.0392584 0.178474 0.341504 0.180873 0.130436 0.0455689 0.028902 0.0549842
 0.0160561 0.108984 0.434795 0.223746 0.0929635 0.062295 0.0214873 0.0396731
 0.0304445 0.0584573 0.289853 0.374062 0.131349 0.0489366 0.0337918 0.0331072
 0.0769513 0.120236 0.167701 0.245755 0.253306 0.0703501 0.0271643 0.038536
 0.0673953 0.261459 0.300639 0.109414 0.110291 0.0989478 0.0265681 0.0252854
 0.0243667 0.190547 0.511861 0.163253 0.0377933 0.0306129 0.0274132 0.0141533
 0.0658049 0.0855296 0.454047 0.293814 0.0644841 0.0126697 0.0100017 0.0136495
 0.0433084 0.232431 0.233252 0.320821 0.130266 0.0255944 0.00504651 0.0092802
 0.0392981 0.14756 0.471481 0.141161 0.136353 0.0482829 0.0101417 0.00572215
 0.0587486 0.126943 0.382875 0.287627 0.0640104 0.0537843 0.0193221 0.00668946
 0.0533992 0.163565 0.308487 0.28718 0.127982 0.0261052 0.0222192 0.011062
 0.109774 0.160038 0.33345 0.195287 0.132236 0.0468111 0.00978059 0.0126224
 0.0274058 0.26834 0.348022 0.190708 0.0870737 0.052498 0.0173352 0.00861654
 0.0342807 0.0650328 0.514353 0.231914 0.0854577 0.0361189 0.0222104 0.0106323
 0.100353 0.111179 0.160739 0.399621 0.145162 0.0451303 0.019728 0.0180886
 0.026883 0.279351 0.262041 0.112963 0.209184 0.0700027 0.0212329 0.0183433
 0.0487822 0.078021 0.505363 0.169955 0.0545325 0.0914753 0.0331825 0.0186886
 0.0249618 0.151178 0.207097 0.394501 0.108751 0.0306585 0.0522452 0.0306074
 0.0413294 0.0630734 0.348833 0.174582 0.244833 0.0619494 0.0174666 0.0479325
 0.0404613 0.134071 0.154544 0.314943 0.128662 0.146783 0.0388512 0.0416838
 0.0706448 0.128196 0.327282 0.113781 0.184174 0.0653875 0.0705922 0.039942
 0.0210909 0.178504 0.289433 0.249238 0.0662138 0.100849 0.0358379 0.0588332
#true_survey_fleet_bio
 80.5568
 78.6117
 65.0015
 63.1784
 52.1192
 43.0735
 39.5647
 39.537
 36.6079
 35.772
 37.3606
 30.846
 25.304
 26.2388
 33.608
 33.2621
 29.6145
 28.5795
 29.2174
 29.8214
 31.2798
 36.5128
 41.5915
 40.3611
 43.1864
 44.1716
 43.2057
 44.7743
 47.7425
 53.7972
 40.5205
 39.4829
 40.1796
 30.1534
 27.1575
 23.2526
 18.96
 13.7368
 13.6297
 17.2624
 17.5481
 16.7766
 11.187
 11.3147
 10.1439
 8.90972
 9.56702
 10.9601
 11.1267
 10.949
 12.0445
 15.8461
 14.5491
 13.5863
 15.624
 17.842
 21.6117
 21.9686
 18.5077
 20.9391
#harvest_rate_region_bio
 0.133526 0.165228 0.189249 0.195445 0.203894 0.246549 0.214034 0.235543 0.222804 0.215329 0.246071 0.342919 0.352854 0.212729 0.256422 0.354922 0.322422 0.297612 0.287153 0.286272 0.241814 0.174032 0.286559 0.196271 0.169312 0.25655 0.265877 0.132062 0.12698 0.0206827
 0.157684 0.190952 0.222152 0.247587 0.264658 0.251249 0.248762 0.32877 0.266621 0.255367 0.329515 0.273475 0.42316 0.305861 0.453773 0.360206 0.324078 0.338083 0.329475 0.268266 0.287064 0.242021 0.265858 0.279472 0.234832 0.208623 0.0474296 0.291229 0.286152 0.108839
#depletion_region
 1 0.990263 0.833473 0.814252 0.679534 0.596024 0.532787 0.559004 0.554168 0.51116 0.51792 0.482635 0.450028 0.421987 0.503908 0.544974 0.505603 0.457188 0.447683 0.478319 0.48264 0.490542 0.601624 0.563828 0.59285 0.642357 0.60474 0.574296 0.615387 0.648395
 1 0.982045 1.01416 0.779093 0.723901 0.633591 0.54972 0.448864 0.430395 0.502466 0.52306 0.518003 0.468749 0.401378 0.422171 0.32749 0.332768 0.391768 0.38901 0.416511 0.423345 0.482198 0.484892 0.44321 0.482964 0.498982 0.531474 0.641393 0.594624 0.552291
#SSB_region
 32084.7 32017.6 26998.6 26351.2 21862.1 18818.3 16801 17069.8 16001.4 15286.3 16036 14797.3 12743.2 11400.4 14728.4 16106.2 14340.4 13197.7 13164.8 13743.2 13839.1 14888.1 18599.2 17103.4 17775.8 19424.9 19056.8 17789.7 19113.8 19946.6
 27124.7 26796.1 27870.4 21420.6 19633.1 16794.6 13936.6 11237.2 10638.4 13165.3 13962.1 12677.1 11054.6 9740.51 10262.3 7980.59 8120.8 9442.79 9443.39 8920.64 10151.5 12127.2 11252.3 10895.2 11817.5 12972.5 13512 16742 14384.9 14110.5
#Bratio_population
 0.534567 0.533449 0.449827 0.43904 0.364247 0.313534 0.279923 0.284401 0.266602 0.254687 0.267177 0.246539 0.212316 0.189943 0.245391 0.268346 0.238928 0.219889 0.21934 0.228977 0.230575 0.248052 0.309884 0.284962 0.296164 0.32364 0.317507 0.296396 0.318457 0.332332
 0.875054 0.864453 0.899108 0.691037 0.633371 0.541801 0.4496 0.362516 0.343199 0.424717 0.450422 0.408968 0.356625 0.314232 0.331066 0.257457 0.26198 0.304628 0.304647 0.287783 0.327492 0.391227 0.363003 0.351483 0.381238 0.418498 0.435901 0.540104 0.464062 0.455209
#T_year
 0.825511
 0.174489
 0.766253
 0.233747
 0.72301
 0.27699
 0.882177
 0.117823
 0.777371
 0.222629
 0.808554
 0.191446
 0.88404
 0.11596
 0.898519
 0.101481
 0.857168
 0.142832
 0.832596
 0.167404
 0.861875
 0.138125
 0.786697
 0.213303
 0.861467
 0.138533
 0.878258
 0.121742
 0.926892
 0.0731078
 0.928211
 0.071789
 0.902723
 0.0972767
 0.876134
 0.123866
 0.839277
 0.160723
 0.896335
 0.103665
 0.860504
 0.139496
 0.851875
 0.148125
 0.906598
 0.0934019
 0.89932
 0.10068
 0.842382
 0.157618
 0.886917
 0.113083
 0.906638
 0.0933617
 0.806893
 0.193107
 0.858807
 0.141193
 0.865208
 0.134792
 0.158862
 0.841138
 0.308627
 0.691373
 0.230881
 0.769119
 0.224326
 0.775674
 0.220728
 0.779272
 0.197715
 0.802285
 0.175154
 0.824846
 0.258562
 0.741438
 0.181084
 0.818916
 0.110848
 0.889152
 0.156732
 0.843268
 0.21307
 0.78693
 0.187763
 0.812237
 0.130816
 0.869184
 0.17233
 0.82767
 0.109208
 0.890792
 0.133031
 0.866969
 0.104598
 0.895402
 0.229627
 0.770373
 0.17853
 0.82147
 0.192015
 0.807985
 0.203055
 0.796945
 0.270699
 0.729301
 0.140761
 0.859239
 0.28226
 0.71774
 0.172628
 0.827372
 0.139469
 0.860531
 0.23052
 0.76948
 0.188381
 0.811619
 0.174554
 0.825446
#selectivity_age
 0.05
 0.1
 0.25
 0.68
 0.95
 0.99
 1
 1
 0.01
 0.05
 0.37
 0.84
 0.97
 1
 1
 1
#survey_selectivity_age
 0.03
 0.3
 0.75
 0.95
 1
 1
 1
 1
 0.05
 0.2
 0.69
 0.9
 1
 1
 1
 1
#TRUE_tag_prop
 0.00521216 0.000308404 0.0208537 0.0183902 0.0387087 0.0454496 0.0373243 0.0322458 0.0222567 0.0230122 0.756238
 0.0103742 0.00153466 0.0521549 0.0372659 0.0451254 0.0435652 0.0310234 0.0267117 0.0178068 0.0183203 0.716118
 0.0255643 0.0109332 0.0646683 0.0383557 0.0401526 0.0386625 0.026588 0.0228241 0.0151005 0.0156053 0.701545
 0.0667482 0.0234969 0.0636539 0.0375994 0.0380872 0.0364609 0.0249498 0.0215005 0.014177 0.01468 0.658646
 0.0909151 0.0267303 0.063714 0.0373065 0.0377031 0.0361322 0.0247019 0.0213022 0.0140375 0.0145408 0.632916
 0.0943896 0.0274624 0.0635958 0.0372589 0.0376356 0.0360761 0.0246585 0.0212682 0.0140131 0.0145168 0.629125
 0.0952541 0.0274624 0.0635958 0.0372589 0.0376356 0.0360761 0.0246585 0.0212682 0.0140131 0.0145168 0.628261
 0.0952541 0.0274624 0.0635958 0.0372589 0.0376356 0.0360761 0.0246585 0.0212682 0.0140131 0.0145168 0.628261
 0.00769078 0.000695048 0.0326128 0.0266498 0.0517585 0.0429324 0.0503767 0.0341271 0.0272097 0.0157663 0.710181
 0.0152657 0.00344599 0.077552 0.050064 0.0548217 0.0364275 0.0374533 0.0248534 0.0193792 0.0110579 0.669679
 0.0373125 0.0238552 0.0896767 0.0474877 0.0443325 0.0295594 0.0291181 0.0193391 0.0148929 0.00856121 0.655865
 0.0952291 0.049252 0.0853523 0.0453289 0.0405174 0.0270662 0.0263329 0.0176459 0.0134752 0.00778527 0.592015
 0.127925 0.0554346 0.084979 0.0447472 0.0398591 0.0266935 0.0259119 0.0173919 0.013261 0.00766852 0.556128
 0.132546 0.0568141 0.0847271 0.0446771 0.0397452 0.0266423 0.0258404 0.0173544 0.0132249 0.00765023 0.550778
 0.133693 0.0568141 0.0847271 0.0446771 0.0397452 0.0266423 0.0258404 0.0173544 0.0132249 0.00765023 0.549632
 0.133693 0.0568141 0.0847271 0.0446771 0.0397452 0.0266423 0.0258404 0.0173544 0.0132249 0.00765023 0.549632
 0.0112596 0.000609416 0.0393283 0.0295815 0.0826503 0.048403 0.0628309 0.0497843 0.0163591 0.0122512 0.646943
 0.0222873 0.0030172 0.0913506 0.052181 0.0814662 0.0386374 0.0414466 0.0333211 0.0102515 0.00773668 0.618304
 0.0540268 0.0206607 0.100202 0.0469143 0.0617227 0.0292099 0.0299305 0.0241268 0.00730109 0.00557583 0.620329
 0.134782 0.0420247 0.0923486 0.0437897 0.0545177 0.0258533 0.0261171 0.0212707 0.00637448 0.00490244 0.548019
 0.178607 0.0471157 0.0915092 0.0430808 0.0533674 0.0253644 0.0255719 0.020857 0.00624191 0.00480525 0.503479
 0.184694 0.0482454 0.091128 0.0429913 0.0531522 0.0252843 0.0254711 0.0207866 0.0062175 0.00478832 0.497242
 0.1862 0.0482454 0.091128 0.0429913 0.0531522 0.0252843 0.0254711 0.0207866 0.0062175 0.00478832 0.495736
 0.1862 0.0482454 0.091128 0.0429913 0.0531522 0.0252843 0.0254711 0.0207866 0.0062175 0.00478832 0.495736
 0.0166306 0.000675469 0.0745647 0.0197668 0.105988 0.0326895 0.0574738 0.0232243 0.020185 0.0108701 0.637932
 0.0328067 0.00329394 0.159814 0.0296486 0.0889658 0.0211981 0.0317154 0.0125984 0.0105923 0.00564841 0.603718
 0.078733 0.0201201 0.159226 0.0223614 0.0580062 0.0134786 0.019639 0.00769916 0.00646769 0.00345046 0.610818
 0.191129 0.0353627 0.140287 0.0194357 0.0485128 0.0111909 0.0161931 0.00637232 0.00533418 0.002851 0.523332
 0.249247 0.0382433 0.138034 0.0188988 0.0470485 0.0108659 0.0157047 0.00618404 0.00517352 0.00276599 0.467834
 0.257148 0.038846 0.137248 0.0188238 0.0467817 0.0108125 0.0156159 0.00615159 0.0051444 0.00275097 0.460677
 0.259096 0.038846 0.137248 0.0188238 0.0467817 0.0108125 0.0156159 0.00615159 0.0051444 0.00275097 0.458729
 0.259096 0.038846 0.137248 0.0188238 0.0467817 0.0108125 0.0156159 0.00615159 0.0051444 0.00275097 0.458729
 0.0171007 0.000520916 0.0479608 0.0265245 0.0502104 0.0362631 0.0628018 0.022888 0.0213822 0.0135875 0.70076
 0.0337046 0.00256939 0.106809 0.044907 0.0484254 0.027089 0.0424873 0.0148395 0.013821 0.00854037 0.656807
 0.0806796 0.0170943 0.107504 0.0373556 0.0334334 0.0186978 0.0281819 0.0098179 0.00905301 0.00563212 0.65255
 0.1945 0.0334512 0.0942688 0.0332037 0.0280696 0.0157366 0.0234062 0.00822433 0.00752143 0.00470551 0.556913
 0.252625 0.0371326 0.0927146 0.0324388 0.0272576 0.0153267 0.022734 0.00800236 0.00730595 0.00457601 0.499887
 0.260483 0.0379374 0.0921626 0.0323132 0.0270979 0.0152518 0.0226024 0.00796072 0.00726382 0.00455137 0.492376
 0.262419 0.0379374 0.0921626 0.0323132 0.0270979 0.0152518 0.0226024 0.00796072 0.00726382 0.00455137 0.49044
 0.262419 0.0379374 0.0921626 0.0323132 0.0270979 0.0152518 0.0226024 0.00796072 0.00726382 0.00455137 0.49044
 0.00816287 0.000575601 0.0447497 0.0163867 0.0743436 0.00645142 0.0256515 0.0371651 0.0160816 0.0226656 0.747766
 0.0162053 0.00284969 0.10505 0.0306141 0.0754969 0.00558907 0.0182285 0.0274092 0.0110563 0.0158596 0.691642
 0.0396274 0.019509 0.12079 0.0285767 0.0597892 0.00449117 0.0138885 0.0210818 0.0083448 0.0121245 0.671777
 0.101267 0.039669 0.11489 0.027192 0.0544464 0.00410043 0.0125109 0.0191473 0.0075223 0.0109856 0.608269
 0.136142 0.044471 0.114373 0.0268151 0.0535212 0.00403975 0.0123016 0.0188497 0.00739724 0.010811 0.571279
 0.141075 0.0455363 0.114031 0.026775 0.0533644 0.00403197 0.0122671 0.0188069 0.00737682 0.0107848 0.56595
 0.1423 0.0455363 0.114031 0.026775 0.0533644 0.00403197 0.0122671 0.0188069 0.00737682 0.0107848 0.564726
 0.1423 0.0455363 0.114031 0.026775 0.0533644 0.00403197 0.0122671 0.0188069 0.00737682 0.0107848 0.564726
 0.000855635 0.000183609 0 0 0 0 0 0 0 0 0.998961
 0.00170998 0.000914666 0 0 0 0 0 0 0 0 0.997375
 0.0042653 0.0065729 0 0 0 0 0 0 0 0 0.989162
 0.0115268 0.0143013 0 0 0 0 0 0 0 0 0.974172
 0.0160385 0.0163235 0 0 0 0 0 0 0 0 0.967638
 0.0167038 0.0167833 0 0 0 0 0 0 0 0 0.966513
 0.01687 0.0167833 0 0 0 0 0 0 0 0 0.966347
 0.01687 0.0167833 0 0 0 0 0 0 0 0 0.966347
 0.00100303 0.00148669 0.0112938 0.0354288 0.0271506 0.058069 0.0291161 0.037551 0.0184288 0.0235879 0.756884
 0.00199641 0.00739797 0.0274217 0.0697853 0.0304409 0.0533725 0.0232819 0.0298633 0.0141843 0.0180496 0.724206
 0.00491961 0.0527044 0.0333792 0.0705389 0.0266922 0.046752 0.0196848 0.025198 0.011874 0.0151897 0.693067
 0.0128451 0.113269 0.0332715 0.0700081 0.0256741 0.0447264 0.0187422 0.024089 0.0113135 0.0145051 0.631556
 0.0174957 0.128856 0.0333127 0.0694827 0.0254358 0.0443674 0.0185736 0.0238921 0.0112134 0.0143833 0.612987
 0.0181644 0.132385 0.0332899 0.0694735 0.0254228 0.0443566 0.0185652 0.0238856 0.0112087 0.0143787 0.60887
 0.0183307 0.132385 0.0332899 0.0694735 0.0254228 0.0443566 0.0185652 0.0238856 0.0112087 0.0143787 0.608703
 0.0183307 0.132385 0.0332899 0.0694735 0.0254228 0.0443566 0.0185652 0.0238856 0.0112087 0.0143787 0.608703
 0.00218374 0.00243289 0.0158688 0.0534579 0.0313382 0.0700046 0.0358331 0.0467293 0.0203681 0.0176424 0.704141
 0.00433456 0.0120621 0.0364027 0.096638 0.0315952 0.0564404 0.0253036 0.0322822 0.0137684 0.0117205 0.679452
 0.0105946 0.0835009 0.0409919 0.0888929 0.0249453 0.0445962 0.0192307 0.0245168 0.0103481 0.00887604 0.643506
 0.0270396 0.172398 0.0394029 0.08585 0.0230976 0.0414228 0.0176573 0.0227335 0.00951117 0.0082109 0.552677
 0.0363233 0.194039 0.0392207 0.0847235 0.0227314 0.0408677 0.0173877 0.0224226 0.00936753 0.00809547 0.524821
 0.0376354 0.198868 0.0391492 0.0847036 0.0226991 0.0408532 0.0173674 0.022412 0.00935727 0.00809028 0.518865
 0.0379609 0.198868 0.0391492 0.0847036 0.0226991 0.0408532 0.0173674 0.022412 0.00935727 0.00809028 0.51854
 0.0379609 0.198868 0.0391492 0.0847036 0.0226991 0.0408532 0.0173674 0.022412 0.00935727 0.00809028 0.51854
 0.00149905 0.00323686 0.0121963 0.0871105 0.041208 0.0803121 0.0383187 0.0676067 0.0106213 0.0141355 0.643755
 0.00296722 0.0160256 0.0268332 0.146907 0.0366154 0.0574056 0.022894 0.0408006 0.00603336 0.00807762 0.63544
 0.00719286 0.109737 0.0285665 0.128614 0.0270531 0.0424359 0.0161732 0.0289457 0.00420855 0.00571525 0.601357
 0.0179442 0.22321 0.0270146 0.122841 0.0246736 0.0388076 0.0146144 0.0264315 0.00380747 0.00521122 0.495444
 0.0237789 0.250251 0.026794 0.120951 0.0242173 0.0381903 0.0143544 0.0260049 0.00374047 0.00512593 0.466592
 0.0245892 0.256251 0.0267433 0.120939 0.0241887 0.0381796 0.014341 0.0259956 0.00373722 0.00512367 0.459912
 0.0247897 0.256251 0.0267433 0.120939 0.0241887 0.0381796 0.014341 0.0259956 0.00373722 0.00512367 0.459711
 0.0247897 0.256251 0.0267433 0.120939 0.0241887 0.0381796 0.014341 0.0259956 0.00373722 0.00512367 0.459711
 0.003092 0.00764713 0.0210687 0.109338 0.0397961 0.0987204 0.024721 0.0431714 0.0105938 0.0132845 0.628567
 0.0060995 0.0372914 0.0407953 0.136883 0.0281771 0.0482739 0.0113113 0.0177553 0.00451344 0.00530309 0.663597
 0.0146382 0.227785 0.0372394 0.08216 0.0162747 0.0242123 0.00610961 0.00863109 0.002358 0.00261974 0.577972
 0.0355352 0.400348 0.0327041 0.0706714 0.0135481 0.0198968 0.00501438 0.0070916 0.00193573 0.00215204 0.411102
 0.0463406 0.432961 0.032073 0.0679805 0.0130843 0.0191459 0.00484067 0.00682672 0.0018676 0.00207272 0.372807
 0.0478095 0.439784 0.0319269 0.0679666 0.0130347 0.0191359 0.00482415 0.00682069 0.00186219 0.00206993 0.364766
 0.0481717 0.439784 0.0319269 0.0679666 0.0130347 0.0191359 0.00482415 0.00682069 0.00186219 0.00206993 0.364403
 0.0481717 0.439784 0.0319269 0.0679666 0.0130347 0.0191359 0.00482415 0.00682069 0.00186219 0.00206993 0.364403
 0.00340607 0.0041279 0.0186531 0.0862751 0.0266139 0.0700948 0.0399251 0.0339842 0.0143215 0.0166556 0.685943
 0.00671318 0.0203607 0.0390121 0.134933 0.0230954 0.0455946 0.0239296 0.0190399 0.00817196 0.0090433 0.670106
 0.0160695 0.13546 0.0380448 0.107464 0.0154869 0.0304645 0.0154243 0.012221 0.00520337 0.00579617 0.618366
 0.03874 0.265078 0.0344291 0.099758 0.0135353 0.026989 0.0133954 0.0107935 0.00452546 0.00510508 0.487651
 0.0503171 0.29425 0.0339074 0.0976363 0.0131826 0.0263964 0.0130584 0.0105512 0.00441266 0.00498823 0.4513
 0.0518822 0.300628 0.0337975 0.0976113 0.0131508 0.0263815 0.0130321 0.0105429 0.00440427 0.00498333 0.443586
 0.0522678 0.300628 0.0337975 0.0976113 0.0131508 0.0263815 0.0130321 0.0105429 0.00440427 0.00498333 0.443201
 0.0522678 0.300628 0.0337975 0.0976113 0.0131508 0.0263815 0.0130321 0.0105429 0.00440427 0.00498333 0.443201
 0.00273517 0.00262109 0.0213454 0.044676 0.0420169 0.013376 0.0186442 0.0560982 0.0126901 0.0287808 0.757016
 0.00542996 0.0129765 0.0484814 0.0796547 0.0409809 0.0109881 0.0129258 0.0401763 0.00853285 0.0196818 0.720172
 0.0132781 0.0888371 0.0541877 0.071024 0.0315692 0.0084957 0.00961478 0.0300018 0.00629165 0.0146602 0.67204
 0.033932 0.180639 0.0517436 0.0680369 0.028942 0.00783438 0.008757 0.0276016 0.00573957 0.0134647 0.573309
 0.0456175 0.202506 0.0514698 0.0670034 0.0284384 0.00771393 0.00861054 0.0271702 0.00564459 0.0132518 0.542574
 0.0472706 0.207357 0.0513553 0.06699 0.0283859 0.00771132 0.00859897 0.0271559 0.00563775 0.013243 0.536295
 0.0476809 0.207357 0.0513553 0.06699 0.0283859 0.00771132 0.00859897 0.0271559 0.00563775 0.013243 0.535884
 0.0476809 0.207357 0.0513553 0.06699 0.0283859 0.00771132 0.00859897 0.0271559 0.00563775 0.013243 0.535884
 0.000172623 0.00112439 0 0 0 0 0 0 0 0 0.998703
 0.000344985 0.00560127 0 0 0 0 0 0 0 0 0.994054
 0.000860517 0.0402514 0 0 0 0 0 0 0 0 0.958888
 0.00232551 0.0875786 0 0 0 0 0 0 0 0 0.910096
 0.00323574 0.0999624 0 0 0 0 0 0 0 0 0.896802
 0.00336996 0.102778 0 0 0 0 0 0 0 0 0.893852
 0.00340349 0.102778 0 0 0 0 0 0 0 0 0.893818
 0.00340349 0.102778 0 0 0 0 0 0 0 0 0.893818
#TRUE_tag_prop_no_age
 0 0 0 0 0 0 0 0 0 0 0
 0 0 0 0 0 0 0 0 0 0 0
 0 0 0 0 0 0 0 0 0 0 0
 0 0 0 0 0 0 0 0 0 0 0
 0 0 0 0 0 0 0 0 0 0 0
 0 0 0 0 0 0 0 0 0 0 0
 0 0 0 0 0 0 0 0 0 0 0
 0 0 0 0 0 0 0 0 0 0 0
 0 0 0 0 0 0 0 0 0 0 0
 0 0 0 0 0 0 0 0 0 0 0
 0 0 0 0 0 0 0 0 0 0 0
 0 0 0 0 0 0 0 0 0 0 0
 0 0 0 0 0 0 0 0 0 0 0
 0 0 0 0 0 0 0 0 0 0 0
#T
 0.825511
 0.174489
 0.825511
 0.174489
 0.825511
 0.174489
 0.825511
 0.174489
 0.825511
 0.174489
 0.825511
 0.174489
 0.825511
 0.174489
 0.825511
 0.174489
 0.766253
 0.233747
 0.766253
 0.233747
 0.766253
 0.233747
 0.766253
 0.233747
 0.766253
 0.233747
 0.766253
 0.233747
 0.766253
 0.233747
 0.766253
 0.233747
 0.72301
 0.27699
 0.72301
 0.27699
 0.72301
 0.27699
 0.72301
 0.27699
 0.72301
 0.27699
 0.72301
 0.27699
 0.72301
 0.27699
 0.72301
 0.27699
 0.882177
 0.117823
 0.882177
 0.117823
 0.882177
 0.117823
 0.882177
 0.117823
 0.882177
 0.117823
 0.882177
 0.117823
 0.882177
 0.117823
 0.882177
 0.117823
 0.777371
 0.222629
 0.777371
 0.222629
 0.777371
 0.222629
 0.777371
 0.222629
 0.777371
 0.222629
 0.777371
 0.222629
 0.777371
 0.222629
 0.777371
 0.222629
 0.808554
 0.191446
 0.808554
 0.191446
 0.808554
 0.191446
 0.808554
 0.191446
 0.808554
 0.191446
 0.808554
 0.191446
 0.808554
 0.191446
 0.808554
 0.191446
 0.88404
 0.11596
 0.88404
 0.11596
 0.88404
 0.11596
 0.88404
 0.11596
 0.88404
 0.11596
 0.88404
 0.11596
 0.88404
 0.11596
 0.88404
 0.11596
 0.898519
 0.101481
 0.898519
 0.101481
 0.898519
 0.101481
 0.898519
 0.101481
 0.898519
 0.101481
 0.898519
 0.101481
 0.898519
 0.101481
 0.898519
 0.101481
 0.857168
 0.142832
 0.857168
 0.142832
 0.857168
 0.142832
 0.857168
 0.142832
 0.857168
 0.142832
 0.857168
 0.142832
 0.857168
 0.142832
 0.857168
 0.142832
 0.832596
 0.167404
 0.832596
 0.167404
 0.832596
 0.167404
 0.832596
 0.167404
 0.832596
 0.167404
 0.832596
 0.167404
 0.832596
 0.167404
 0.832596
 0.167404
 0.861875
 0.138125
 0.861875
 0.138125
 0.861875
 0.138125
 0.861875
 0.138125
 0.861875
 0.138125
 0.861875
 0.138125
 0.861875
 0.138125
 0.861875
 0.138125
 0.786697
 0.213303
 0.786697
 0.213303
 0.786697
 0.213303
 0.786697
 0.213303
 0.786697
 0.213303
 0.786697
 0.213303
 0.786697
 0.213303
 0.786697
 0.213303
 0.861467
 0.138533
 0.861467
 0.138533
 0.861467
 0.138533
 0.861467
 0.138533
 0.861467
 0.138533
 0.861467
 0.138533
 0.861467
 0.138533
 0.861467
 0.138533
 0.878258
 0.121742
 0.878258
 0.121742
 0.878258
 0.121742
 0.878258
 0.121742
 0.878258
 0.121742
 0.878258
 0.121742
 0.878258
 0.121742
 0.878258
 0.121742
 0.926892
 0.0731078
 0.926892
 0.0731078
 0.926892
 0.0731078
 0.926892
 0.0731078
 0.926892
 0.0731078
 0.926892
 0.0731078
 0.926892
 0.0731078
 0.926892
 0.0731078
 0.928211
 0.071789
 0.928211
 0.071789
 0.928211
 0.071789
 0.928211
 0.071789
 0.928211
 0.071789
 0.928211
 0.071789
 0.928211
 0.071789
 0.928211
 0.071789
 0.902723
 0.0972767
 0.902723
 0.0972767
 0.902723
 0.0972767
 0.902723
 0.0972767
 0.902723
 0.0972767
 0.902723
 0.0972767
 0.902723
 0.0972767
 0.902723
 0.0972767
 0.876134
 0.123866
 0.876134
 0.123866
 0.876134
 0.123866
 0.876134
 0.123866
 0.876134
 0.123866
 0.876134
 0.123866
 0.876134
 0.123866
 0.876134
 0.123866
 0.839277
 0.160723
 0.839277
 0.160723
 0.839277
 0.160723
 0.839277
 0.160723
 0.839277
 0.160723
 0.839277
 0.160723
 0.839277
 0.160723
 0.839277
 0.160723
 0.896335
 0.103665
 0.896335
 0.103665
 0.896335
 0.103665
 0.896335
 0.103665
 0.896335
 0.103665
 0.896335
 0.103665
 0.896335
 0.103665
 0.896335
 0.103665
 0.860504
 0.139496
 0.860504
 0.139496
 0.860504
 0.139496
 0.860504
 0.139496
 0.860504
 0.139496
 0.860504
 0.139496
 0.860504
 0.139496
 0.860504
 0.139496
 0.851875
 0.148125
 0.851875
 0.148125
 0.851875
 0.148125
 0.851875
 0.148125
 0.851875
 0.148125
 0.851875
 0.148125
 0.851875
 0.148125
 0.851875
 0.148125
 0.906598
 0.0934019
 0.906598
 0.0934019
 0.906598
 0.0934019
 0.906598
 0.0934019
 0.906598
 0.0934019
 0.906598
 0.0934019
 0.906598
 0.0934019
 0.906598
 0.0934019
 0.89932
 0.10068
 0.89932
 0.10068
 0.89932
 0.10068
 0.89932
 0.10068
 0.89932
 0.10068
 0.89932
 0.10068
 0.89932
 0.10068
 0.89932
 0.10068
 0.842382
 0.157618
 0.842382
 0.157618
 0.842382
 0.157618
 0.842382
 0.157618
 0.842382
 0.157618
 0.842382
 0.157618
 0.842382
 0.157618
 0.842382
 0.157618
 0.886917
 0.113083
 0.886917
 0.113083
 0.886917
 0.113083
 0.886917
 0.113083
 0.886917
 0.113083
 0.886917
 0.113083
 0.886917
 0.113083
 0.886917
 0.113083
 0.906638
 0.0933617
 0.906638
 0.0933617
 0.906638
 0.0933617
 0.906638
 0.0933617
 0.906638
 0.0933617
 0.906638
 0.0933617
 0.906638
 0.0933617
 0.906638
 0.0933617
 0.806893
 0.193107
 0.806893
 0.193107
 0.806893
 0.193107
 0.806893
 0.193107
 0.806893
 0.193107
 0.806893
 0.193107
 0.806893
 0.193107
 0.806893
 0.193107
 0.858807
 0.141193
 0.858807
 0.141193
 0.858807
 0.141193
 0.858807
 0.141193
 0.858807
 0.141193
 0.858807
 0.141193
 0.858807
 0.141193
 0.858807
 0.141193
 0.865208
 0.134792
 0.865208
 0.134792
 0.865208
 0.134792
 0.865208
 0.134792
 0.865208
 0.134792
 0.865208
 0.134792
 0.865208
 0.134792
 0.865208
 0.134792 0.158862
 0.841138
 0.158862
 0.841138
 0.158862
 0.841138
 0.158862
 0.841138
 0.158862
 0.841138
 0.158862
 0.841138
 0.158862
 0.841138
 0.158862
 0.841138
 0.308627
 0.691373
 0.308627
 0.691373
 0.308627
 0.691373
 0.308627
 0.691373
 0.308627
 0.691373
 0.308627
 0.691373
 0.308627
 0.691373
 0.308627
 0.691373
 0.230881
 0.769119
 0.230881
 0.769119
 0.230881
 0.769119
 0.230881
 0.769119
 0.230881
 0.769119
 0.230881
 0.769119
 0.230881
 0.769119
 0.230881
 0.769119
 0.224326
 0.775674
 0.224326
 0.775674
 0.224326
 0.775674
 0.224326
 0.775674
 0.224326
 0.775674
 0.224326
 0.775674
 0.224326
 0.775674
 0.224326
 0.775674
 0.220728
 0.779272
 0.220728
 0.779272
 0.220728
 0.779272
 0.220728
 0.779272
 0.220728
 0.779272
 0.220728
 0.779272
 0.220728
 0.779272
 0.220728
 0.779272
 0.197715
 0.802285
 0.197715
 0.802285
 0.197715
 0.802285
 0.197715
 0.802285
 0.197715
 0.802285
 0.197715
 0.802285
 0.197715
 0.802285
 0.197715
 0.802285
 0.175154
 0.824846
 0.175154
 0.824846
 0.175154
 0.824846
 0.175154
 0.824846
 0.175154
 0.824846
 0.175154
 0.824846
 0.175154
 0.824846
 0.175154
 0.824846
 0.258562
 0.741438
 0.258562
 0.741438
 0.258562
 0.741438
 0.258562
 0.741438
 0.258562
 0.741438
 0.258562
 0.741438
 0.258562
 0.741438
 0.258562
 0.741438
 0.181084
 0.818916
 0.181084
 0.818916
 0.181084
 0.818916
 0.181084
 0.818916
 0.181084
 0.818916
 0.181084
 0.818916
 0.181084
 0.818916
 0.181084
 0.818916
 0.110848
 0.889152
 0.110848
 0.889152
 0.110848
 0.889152
 0.110848
 0.889152
 0.110848
 0.889152
 0.110848
 0.889152
 0.110848
 0.889152
 0.110848
 0.889152
 0.156732
 0.843268
 0.156732
 0.843268
 0.156732
 0.843268
 0.156732
 0.843268
 0.156732
 0.843268
 0.156732
 0.843268
 0.156732
 0.843268
 0.156732
 0.843268
 0.21307
 0.78693
 0.21307
 0.78693
 0.21307
 0.78693
 0.21307
 0.78693
 0.21307
 0.78693
 0.21307
 0.78693
 0.21307
 0.78693
 0.21307
 0.78693
 0.187763
 0.812237
 0.187763
 0.812237
 0.187763
 0.812237
 0.187763
 0.812237
 0.187763
 0.812237
 0.187763
 0.812237
 0.187763
 0.812237
 0.187763
 0.812237
 0.130816
 0.869184
 0.130816
 0.869184
 0.130816
 0.869184
 0.130816
 0.869184
 0.130816
 0.869184
 0.130816
 0.869184
 0.130816
 0.869184
 0.130816
 0.869184
 0.17233
 0.82767
 0.17233
 0.82767
 0.17233
 0.82767
 0.17233
 0.82767
 0.17233
 0.82767
 0.17233
 0.82767
 0.17233
 0.82767
 0.17233
 0.82767
 0.109208
 0.890792
 0.109208
 0.890792
 0.109208
 0.890792
 0.109208
 0.890792
 0.109208
 0.890792
 0.109208
 0.890792
 0.109208
 0.890792
 0.109208
 0.890792
 0.133031
 0.866969
 0.133031
 0.866969
 0.133031
 0.866969
 0.133031
 0.866969
 0.133031
 0.866969
 0.133031
 0.866969
 0.133031
 0.866969
 0.133031
 0.866969
 0.104598
 0.895402
 0.104598
 0.895402
 0.104598
 0.895402
 0.104598
 0.895402
 0.104598
 0.895402
 0.104598
 0.895402
 0.104598
 0.895402
 0.104598
 0.895402
 0.229627
 0.770373
 0.229627
 0.770373
 0.229627
 0.770373
 0.229627
 0.770373
 0.229627
 0.770373
 0.229627
 0.770373
 0.229627
 0.770373
 0.229627
 0.770373
 0.17853
 0.82147
 0.17853
 0.82147
 0.17853
 0.82147
 0.17853
 0.82147
 0.17853
 0.82147
 0.17853
 0.82147
 0.17853
 0.82147
 0.17853
 0.82147
 0.192015
 0.807985
 0.192015
 0.807985
 0.192015
 0.807985
 0.192015
 0.807985
 0.192015
 0.807985
 0.192015
 0.807985
 0.192015
 0.807985
 0.192015
 0.807985
 0.203055
 0.796945
 0.203055
 0.796945
 0.203055
 0.796945
 0.203055
 0.796945
 0.203055
 0.796945
 0.203055
 0.796945
 0.203055
 0.796945
 0.203055
 0.796945
 0.270699
 0.729301
 0.270699
 0.729301
 0.270699
 0.729301
 0.270699
 0.729301
 0.270699
 0.729301
 0.270699
 0.729301
 0.270699
 0.729301
 0.270699
 0.729301
 0.140761
 0.859239
 0.140761
 0.859239
 0.140761
 0.859239
 0.140761
 0.859239
 0.140761
 0.859239
 0.140761
 0.859239
 0.140761
 0.859239
 0.140761
 0.859239
 0.28226
 0.71774
 0.28226
 0.71774
 0.28226
 0.71774
 0.28226
 0.71774
 0.28226
 0.71774
 0.28226
 0.71774
 0.28226
 0.71774
 0.28226
 0.71774
 0.172628
 0.827372
 0.172628
 0.827372
 0.172628
 0.827372
 0.172628
 0.827372
 0.172628
 0.827372
 0.172628
 0.827372
 0.172628
 0.827372
 0.172628
 0.827372
 0.139469
 0.860531
 0.139469
 0.860531
 0.139469
 0.860531
 0.139469
 0.860531
 0.139469
 0.860531
 0.139469
 0.860531
 0.139469
 0.860531
 0.139469
 0.860531
 0.23052
 0.76948
 0.23052
 0.76948
 0.23052
 0.76948
 0.23052
 0.76948
 0.23052
 0.76948
 0.23052
 0.76948
 0.23052
 0.76948
 0.23052
 0.76948
 0.188381
 0.811619
 0.188381
 0.811619
 0.188381
 0.811619
 0.188381
 0.811619
 0.188381
 0.811619
 0.188381
 0.811619
 0.188381
 0.811619
 0.188381
 0.811619
 0.174554
 0.825446
 0.174554
 0.825446
 0.174554
 0.825446
 0.174554
 0.825446
 0.174554
 0.825446
 0.174554
 0.825446
 0.174554
 0.825446
 0.174554
 0.825446
#report_rate_TRUE
 0.7
 0.7
 0.7
 0.7
 0.7
 0.7
 0.7
 0.8
 0.8
 0.8
 0.8
 0.8
 0.8
 0.8
#move_switch_OM
8
#DD_move_age_switch_OM
0
#abund_frac_age_region
 0.558851 0.551009 0.530534 0.552294 0.629438 0.63504 0.575518 0.529223
 0.534739 0.569154 0.565584 0.561919 0.575295 0.607463 0.6099 0.574146
 0.534113 0.499012 0.515825 0.521093 0.523409 0.526578 0.541962 0.533509
 0.577719 0.582112 0.559028 0.581474 0.591834 0.588266 0.590192 0.596216
 0.618157 0.547614 0.550209 0.548855 0.569138 0.571063 0.569168 0.571785
 0.443676 0.580864 0.538361 0.55404 0.56395 0.571956 0.573193 0.572603
 0.397595 0.495636 0.592262 0.575786 0.591674 0.589409 0.594451 0.594335
 0.741457 0.518678 0.581797 0.658069 0.657966 0.662474 0.661048 0.66358
 0.587818 0.687039 0.539112 0.60752 0.676766 0.673958 0.677217 0.676782
 0.610387 0.541046 0.612165 0.527288 0.588861 0.62886 0.626961 0.628317
 0.647927 0.592759 0.543965 0.610315 0.561696 0.595677 0.622624 0.621252
 0.533749 0.589157 0.558208 0.54967 0.60023 0.569037 0.58769 0.601214
 0.641063 0.551171 0.586591 0.578048 0.567819 0.584438 0.561614 0.578685
 0.637724 0.613536 0.547699 0.618131 0.64494 0.6268 0.638407 0.62738
 0.544514 0.659086 0.642165 0.626663 0.703354 0.715805 0.704266 0.708758
 0.790934 0.562155 0.659633 0.70429 0.750221 0.795445 0.803778 0.798494
 0.681415 0.744402 0.569067 0.672049 0.716595 0.735674 0.766541 0.769097
 0.448473 0.633812 0.681274 0.574223 0.659712 0.677067 0.690138 0.712171
 0.669064 0.506545 0.619077 0.668516 0.619756 0.657626 0.667085 0.676978
 0.455604 0.6631 0.547156 0.653764 0.702369 0.660898 0.685968 0.69352
 0.443404 0.500998 0.638947 0.584189 0.662985 0.683303 0.65687 0.674525
 0.53906 0.495678 0.533487 0.644447 0.62722 0.667392 0.679399 0.666728
 0.431482 0.619608 0.592835 0.635836 0.718628 0.705908 0.729633 0.733818
 0.694318 0.473589 0.615488 0.614285 0.653392 0.702457 0.692723 0.710575
 0.603736 0.675779 0.554056 0.651874 0.668756 0.686944 0.711401 0.710485
 0.435968 0.61064 0.662328 0.597083 0.680812 0.689415 0.701535 0.716445
 0.529356 0.4795 0.611653 0.659456 0.604996 0.654861 0.660224 0.673357
 0.549172 0.539482 0.507767 0.577476 0.582668 0.532804 0.560948 0.569745
 0.435973 0.564001 0.559357 0.561489 0.631936 0.637109 0.607345 0.627452
 0.603091 0.483507 0.57429 0.598442 0.631577 0.677994 0.682398 0.669056
 0.441149 0.448991 0.469466 0.447706 0.370562 0.36496 0.424482 0.470777
 0.465261 0.430846 0.434416 0.438081 0.424705 0.392537 0.3901 0.425854
 0.465887 0.500988 0.484175 0.478907 0.476591 0.473422 0.458038 0.466491
 0.422281 0.417888 0.440972 0.418526 0.408166 0.411734 0.409808 0.403784
 0.381843 0.452386 0.449791 0.451145 0.430862 0.428937 0.430832 0.428215
 0.556324 0.419136 0.461639 0.44596 0.43605 0.428044 0.426807 0.427397
 0.602405 0.504364 0.407738 0.424214 0.408326 0.410591 0.405549 0.405665
 0.258543 0.481322 0.418203 0.341931 0.342034 0.337526 0.338952 0.33642
 0.412182 0.312961 0.460888 0.39248 0.323234 0.326042 0.322783 0.323218
 0.389613 0.458954 0.387835 0.472712 0.411139 0.37114 0.373039 0.371683
 0.352073 0.407241 0.456035 0.389685 0.438304 0.404323 0.377376 0.378748
 0.466251 0.410843 0.441792 0.45033 0.39977 0.430963 0.41231 0.398786
 0.358937 0.448829 0.413409 0.421952 0.432181 0.415562 0.438386 0.421315
 0.362276 0.386464 0.452301 0.381869 0.35506 0.3732 0.361593 0.37262
 0.455486 0.340914 0.357835 0.373337 0.296646 0.284195 0.295734 0.291242
 0.209066 0.437845 0.340367 0.29571 0.249779 0.204555 0.196222 0.201506
 0.318585 0.255598 0.430933 0.327951 0.283405 0.264326 0.233459 0.230903
 0.551527 0.366188 0.318726 0.425777 0.340288 0.322933 0.309862 0.287829
 0.330936 0.493455 0.380923 0.331484 0.380244 0.342374 0.332915 0.323022
 0.544396 0.3369 0.452844 0.346236 0.297631 0.339102 0.314032 0.30648
 0.556596 0.499002 0.361053 0.415811 0.337015 0.316697 0.34313 0.325475
 0.46094 0.504322 0.466513 0.355553 0.37278 0.332608 0.320601 0.333272
 0.568518 0.380392 0.407165 0.364164 0.281372 0.294092 0.270367 0.266182
 0.305682 0.526411 0.384512 0.385715 0.346608 0.297543 0.307277 0.289425
 0.396264 0.324221 0.445944 0.348126 0.331244 0.313056 0.288599 0.289515
 0.564032 0.38936 0.337672 0.402917 0.319188 0.310585 0.298465 0.283555
 0.470644 0.5205 0.388347 0.340544 0.395004 0.345139 0.339776 0.326643
 0.450828 0.460518 0.492233 0.422524 0.417332 0.467196 0.439052 0.430255
 0.564027 0.435999 0.440643 0.438511 0.368064 0.362891 0.392655 0.372548
 0.396909 0.516493 0.42571 0.401558 0.368423 0.322006 0.317602 0.330944
#abund_frac_year
 0.562754 0.565125 0.520985 0.579858 0.575453 0.536489 0.513122 0.660207 0.631371 0.584757 0.604048 0.558655 0.59515 0.601988 0.614177 0.703186 0.683743 0.589876 0.625073 0.561383 0.551724 0.561302 0.553016 0.592244 0.618136 0.601971 0.577587 0.550005 0.528426 0.568787
 0.437246 0.434875 0.479015 0.420142 0.424547 0.463511 0.486878 0.339793 0.368629 0.415243 0.395952 0.441345 0.40485 0.398012 0.385823 0.296814 0.316257 0.410124 0.374927 0.438617 0.448276 0.438698 0.446984 0.407756 0.381864 0.398029 0.422413 0.449995 0.471574 0.431213
#abund_frac_region
 0.585687
 0.414313
#F_tag_scalar
 0.75 0.72 0.79 0.74 0.78 0.77 0.73
#T_tag_res
 0.97 0.99 0.93 0.96 0.98 0.95 0.94
#sim_tag_mixing_switch
0
#debug
1541
